2   -1
4   -1
6   -1
8   -1
10  -1
12  -1
14  -1
16  -1
18  -1
20  3
22  -1
24  -1
26  -1
28  2
30  -1
32  -1
34  -1
36  -1
38  4
40  -1
42  7
44  2
46  -1
48  7
50  2
52  4
54  7
56  5
58  -1
60  8
62  2
64  8
66  8
68  -1
70  4
72  2
74  4
76  9
78  6
80  9
82  8
84  3
86  -1
88  -1
90  8
92  4
94  2
96  6
98  5
100 6
102 2
104 4
106 4
108 5
110 2
112 8
114 3
116 5
118 3
120 5
122 2
124 7
126 6
128 7
130 8
132 3
134 5
136 4
138 -1
140 3
142 2
144 5
146 5
148 4
150 7
152 3
154 -1
156 6
158 6
160 4
162 3
164 -1
166 6
168 5
170 8
172 -1
174 5
176 4
178 3
180 4
182 2
184 5
186 3
188 8
190 2
192 3
194 5
196 7
198 6
200 2
202 7
204 5
206 4
208 3
210 8
212 -1
214 2
216 6
218 2
220 7
222 5
224 4
226 5
228 8
230 4
232 5
234 3
236 5
238 3
240 4
242 2
244 5
246 4
248 5
250 3
252 3
254 5
256 5
258 5
260 5
262 3
264 4
266 3
268 5
270 3
272 4
274 2
276 4
278 3
280 3
282 3
284 3
286 4
288 2
290 2
292 4
294 6
296 -1
298 4
300 5
302 3
304 2
306 6
308 6
310 3
312 3
314 5
316 7
318 5
320 6
322 4
324 6
326 4
328 6
330 5
332 7
334 8
336 -1
338 3
340 7
342 2
344 4
346 4
348 4
350 3
352 5
354 3
356 6
358 5
360 7
362 5
364 2
366 4
368 6
370 2
372 4
374 2
376 2
378 4
380 3
382 3
384 3
386 2
388 3
390 4
392 3
394 3
396 4
398 6
400 2

