GUI Reference : 2014/7/17/11:21
         0         1
  25.347843565892890  0.0000000000000000  0.0000000000000000
  0.0000000000000000  25.347843565892890  0.0000000000000000
  0.0000000000000000  0.0000000000000000  25.347843565892890
C_3              1         6
 -8.0371605026930200 -2.0834700640299437 -1.6263232172238316
C_3              2         6
 -7.0573385010762550 -0.9100206221085668 -1.8122412995937850
C_3              3         6
 -6.1241192224134000 -1.2039886705708611 -3.0014774568811160
C_3              4         6
 -4.7910425170655620 -0.4585605740263982 -2.8043882451308026
C_3              5         6
 -3.8404445226596056 -0.7899214445627557 -3.9697893784396365
C_3              6         6
 -2.4035993607978470 -0.9348228125291316 -3.4349250565074207
C_2              7         6
 -1.4691569572561252 -0.5339202311707988 -4.4545787049884670
C_2              8         6
 -1.5575822813074360 -1.0742550079280033 -5.7247964085935180
C_2              9         6
 -0.3584115081969452 -1.1393962532053570 -6.3562519499281090
S_2             10        16
  0.7045579034724532 -0.5497878158693519 -5.3522524804147140
C_2             11         6
 -0.2023906788595353 -0.1860662513261366 -4.1150342947862080
C_3             12         6
  8.4247074407960540 -2.5023314544256540 -1.5227851109204722
C_3             13         6
  7.5398750690769125 -1.5272451692668716 -2.3214577558502650
C_3             14         6
  6.1585059378144180 -1.4194605372447346 -1.6492930895843403
C_3             15         6
  5.0986213633274500 -1.0637771365601767 -2.7084114043205987
C_3             16         6
  3.7464979839852460 -0.8097621064528434 -2.0164264666239040
C_3             17         6
  2.6366641343687514 -0.7096842447416147 -3.0793708363743124
C_2             18         6
  1.4975182676114955 -0.0281706092761500 -2.5212610731156500
C_2             19         6
  1.5653236043494638  0.5017053541267924 -1.2453818614207500
C_2             20         6
  0.3618845331842013  0.5280942485983360 -0.6192541944784780
S_2             21        16
 -0.6799950762464082 -0.0801163360686975 -1.6342081983774062
C_2             22         6
  0.2422734559718117 -0.4069043232473889 -2.8704058458481790
H_              23         1
 -8.3618759722685070 -2.4728114599444426 -2.6473882141907286
H_              24         1
 -7.5229634725035310 -2.9196917827653452 -1.0467246363740283
H_              25         1
 -8.9519655953407330 -1.7265647228528491 -1.0472288142600290
H_              26         1
 -6.4364033858107370 -0.7797346004792484 -0.8651059678714353
H_              27         1
 -7.6437748185389065  0.0459634715883923 -2.0166601333371035
H_              28         1
 -6.6170350467001770 -0.8521736749180326 -3.9673246646888290
H_              29         1
 -5.9272016248983910 -2.3252271250389653 -3.0618728360308740
H_              30         1
 -4.3150242372564130 -0.7847331298231452 -1.8212209507429835
H_              31         1
 -4.9839291624122570  0.6647150975462920 -2.7789618119457975
H_              32         1
 -3.8763399960493640  0.0498003709194770 -4.7399701239415070
H_              33         1
 -4.1644985240458965 -1.7676697639245930 -4.4582530401540010
H_              34         1
 -2.2119799940618172 -2.0219026376975533 -3.1500730786050006
H_              35         1
 -2.2713501356240915 -0.2723837946360863 -2.5166198466580620
H_              36         1
 -2.4311229180575710 -0.9621363176198792 -6.2779289386134530
H_              37         1
  9.0166483979563900 -3.1566142584990544 -2.2446714615230170
H_              38         1
  9.1459444834783400 -1.9110328634550524 -0.8672066346401605
H_              39         1
  7.7665355439014550 -3.1611638100752293 -0.8652522607638977
H_              40         1
  7.4149792312271550 -1.9130936774848670 -3.3868790993808244
H_              41         1
  8.0323377467039840 -0.4993671236779701 -2.3448405011793336
H_              42         1
  6.1865632973844480 -0.6056014742812422 -0.8515175500183209
H_              43         1
  5.8924682687508820 -2.4168280838365264 -1.1654727763913828
H_              44         1
  4.9923321392021290 -1.9276132941584598 -3.4446791306789386
H_              45         1
  5.4212426874571770 -0.1246806684294300 -3.2684229687417976
H_              46         1
  3.7980480647405410  0.1652175157893943 -1.4279049145744270
H_              47         1
  3.5155926989723890 -1.6707910631533491 -1.3058550406275480
H_              48         1
  2.3294202649057936 -1.7572388407589385 -3.4077449957080566
H_              49         1
  3.0241669299150113 -0.1275809899064293 -3.9797029285425660
H_              50         1
  2.2864447530965150  1.2152178707213577 -1.0162883510747622
