GUI Reference : 2014/7/17/11:21
UNITS 
MOLECULES        1
Species      0
NUMMOLS        1
ATOMS      50
C_3       12.0111500  0.00000000
C_3       12.0111500  0.00000000
C_3       12.0111500  0.00000000
C_3       12.0111500  0.00000000
C_3       12.0111500  0.00000000
C_3       12.0111500  0.00000000
C_2       12.0111500  0.00000000
C_2       12.0111500  0.00000000
C_2       12.0111500  0.00000000
S_2       32.0640000  0.00000000
C_2       12.0111500  0.00000000
C_3       12.0111500  0.00000000
C_3       12.0111500  0.00000000
C_3       12.0111500  0.00000000
C_3       12.0111500  0.00000000
C_3       12.0111500  0.00000000
C_3       12.0111500  0.00000000
C_2       12.0111500  0.00000000
C_2       12.0111500  0.00000000
C_2       12.0111500  0.00000000
S_2       32.0640000  0.00000000
C_2       12.0111500  0.00000000
H_        1.00797000  0.00000000
H_        1.00797000  0.00000000
H_        1.00797000  0.00000000
H_        1.00797000  0.00000000
H_        1.00797000  0.00000000
H_        1.00797000  0.00000000
H_        1.00797000  0.00000000
H_        1.00797000  0.00000000
H_        1.00797000  0.00000000
H_        1.00797000  0.00000000
H_        1.00797000  0.00000000
H_        1.00797000  0.00000000
H_        1.00797000  0.00000000
H_        1.00797000  0.00000000
H_        1.00797000  0.00000000
H_        1.00797000  0.00000000
H_        1.00797000  0.00000000
H_        1.00797000  0.00000000
H_        1.00797000  0.00000000
H_        1.00797000  0.00000000
H_        1.00797000  0.00000000
H_        1.00797000  0.00000000
H_        1.00797000  0.00000000
H_        1.00797000  0.00000000
H_        1.00797000  0.00000000
H_        1.00797000  0.00000000
H_        1.00797000  0.00000000
H_        1.00797000  0.00000000
BONDS      51
TYPE    1    2  0.00000000  0.00000000  0.00000000
TYPE    2    3  0.00000000  0.00000000  0.00000000
TYPE    3    4  0.00000000  0.00000000  0.00000000
TYPE    4    5  0.00000000  0.00000000  0.00000000
TYPE    5    6  0.00000000  0.00000000  0.00000000
TYPE    6    7  0.00000000  0.00000000  0.00000000
TYPE    7    8  0.00000000  0.00000000  0.00000000
TYPE    8    9  0.00000000  0.00000000  0.00000000
TYPE    9   10  0.00000000  0.00000000  0.00000000
TYPE   10   11  0.00000000  0.00000000  0.00000000
TYPE   12   13  0.00000000  0.00000000  0.00000000
TYPE   13   14  0.00000000  0.00000000  0.00000000
TYPE   14   15  0.00000000  0.00000000  0.00000000
TYPE   15   16  0.00000000  0.00000000  0.00000000
TYPE   16   17  0.00000000  0.00000000  0.00000000
TYPE   17   18  0.00000000  0.00000000  0.00000000
TYPE   18   19  0.00000000  0.00000000  0.00000000
TYPE   19   20  0.00000000  0.00000000  0.00000000
TYPE   20   21  0.00000000  0.00000000  0.00000000
TYPE   21   22  0.00000000  0.00000000  0.00000000
TYPE    7   11  0.00000000  0.00000000  0.00000000
TYPE   18   22  0.00000000  0.00000000  0.00000000
TYPE   11   22  0.00000000  0.00000000  0.00000000
TYPE   17   49  0.00000000  0.00000000  0.00000000
TYPE   16   47  0.00000000  0.00000000  0.00000000
TYPE   17   48  0.00000000  0.00000000  0.00000000
TYPE   19   50  0.00000000  0.00000000  0.00000000
TYPE   15   45  0.00000000  0.00000000  0.00000000
TYPE   16   46  0.00000000  0.00000000  0.00000000
TYPE    6   35  0.00000000  0.00000000  0.00000000
TYPE   14   43  0.00000000  0.00000000  0.00000000
TYPE   15   44  0.00000000  0.00000000  0.00000000
TYPE    1   23  0.00000000  0.00000000  0.00000000
TYPE    5   33  0.00000000  0.00000000  0.00000000
TYPE    6   34  0.00000000  0.00000000  0.00000000
TYPE    8   36  0.00000000  0.00000000  0.00000000
TYPE   13   41  0.00000000  0.00000000  0.00000000
TYPE   14   42  0.00000000  0.00000000  0.00000000
TYPE    1   24  0.00000000  0.00000000  0.00000000
TYPE    4   31  0.00000000  0.00000000  0.00000000
TYPE    5   32  0.00000000  0.00000000  0.00000000
TYPE   12   39  0.00000000  0.00000000  0.00000000
TYPE   13   40  0.00000000  0.00000000  0.00000000
TYPE    1   25  0.00000000  0.00000000  0.00000000
TYPE    2   26  0.00000000  0.00000000  0.00000000
TYPE    3   29  0.00000000  0.00000000  0.00000000
TYPE    4   30  0.00000000  0.00000000  0.00000000
TYPE   12   38  0.00000000  0.00000000  0.00000000
TYPE    2   27  0.00000000  0.00000000  0.00000000
TYPE    3   28  0.00000000  0.00000000  0.00000000
TYPE   12   37  0.00000000  0.00000000  0.00000000
ANGLES      94
TYPE    2    1   23  0.00000000  0.00000000  0.00000000
TYPE    2    1   24  0.00000000  0.00000000  0.00000000
TYPE   23    1   24  0.00000000  0.00000000  0.00000000
TYPE    2    1   25  0.00000000  0.00000000  0.00000000
TYPE   23    1   25  0.00000000  0.00000000  0.00000000
TYPE   24    1   25  0.00000000  0.00000000  0.00000000
TYPE    1    2    3  0.00000000  0.00000000  0.00000000
TYPE    1    2   26  0.00000000  0.00000000  0.00000000
TYPE    3    2   26  0.00000000  0.00000000  0.00000000
TYPE    1    2   27  0.00000000  0.00000000  0.00000000
TYPE    3    2   27  0.00000000  0.00000000  0.00000000
TYPE   26    2   27  0.00000000  0.00000000  0.00000000
TYPE    2    3    4  0.00000000  0.00000000  0.00000000
TYPE    2    3   29  0.00000000  0.00000000  0.00000000
TYPE    4    3   29  0.00000000  0.00000000  0.00000000
TYPE    2    3   28  0.00000000  0.00000000  0.00000000
TYPE    4    3   28  0.00000000  0.00000000  0.00000000
TYPE   28    3   29  0.00000000  0.00000000  0.00000000
TYPE    3    4    5  0.00000000  0.00000000  0.00000000
TYPE    3    4   31  0.00000000  0.00000000  0.00000000
TYPE    5    4   31  0.00000000  0.00000000  0.00000000
TYPE    3    4   30  0.00000000  0.00000000  0.00000000
TYPE    5    4   30  0.00000000  0.00000000  0.00000000
TYPE   30    4   31  0.00000000  0.00000000  0.00000000
TYPE    4    5    6  0.00000000  0.00000000  0.00000000
TYPE    4    5   33  0.00000000  0.00000000  0.00000000
TYPE    6    5   33  0.00000000  0.00000000  0.00000000
TYPE    4    5   32  0.00000000  0.00000000  0.00000000
TYPE    6    5   32  0.00000000  0.00000000  0.00000000
TYPE   32    5   33  0.00000000  0.00000000  0.00000000
TYPE    5    6    7  0.00000000  0.00000000  0.00000000
TYPE    5    6   35  0.00000000  0.00000000  0.00000000
TYPE    7    6   35  0.00000000  0.00000000  0.00000000
TYPE    5    6   34  0.00000000  0.00000000  0.00000000
TYPE    7    6   34  0.00000000  0.00000000  0.00000000
TYPE   34    6   35  0.00000000  0.00000000  0.00000000
TYPE    6    7    8  0.00000000  0.00000000  0.00000000
TYPE    6    7   11  0.00000000  0.00000000  0.00000000
TYPE    8    7   11  0.00000000  0.00000000  0.00000000
TYPE    7    8    9  0.00000000  0.00000000  0.00000000
TYPE    7    8   36  0.00000000  0.00000000  0.00000000
TYPE    9    8   36  0.00000000  0.00000000  0.00000000
TYPE    8    9   10  0.00000000  0.00000000  0.00000000
TYPE    9   10   11  0.00000000  0.00000000  0.00000000
TYPE    7   11   10  0.00000000  0.00000000  0.00000000
TYPE   10   11   22  0.00000000  0.00000000  0.00000000
TYPE    7   11   22  0.00000000  0.00000000  0.00000000
TYPE   13   12   39  0.00000000  0.00000000  0.00000000
TYPE   13   12   38  0.00000000  0.00000000  0.00000000
TYPE   38   12   39  0.00000000  0.00000000  0.00000000
TYPE   13   12   37  0.00000000  0.00000000  0.00000000
TYPE   37   12   39  0.00000000  0.00000000  0.00000000
TYPE   37   12   38  0.00000000  0.00000000  0.00000000
TYPE   12   13   14  0.00000000  0.00000000  0.00000000
TYPE   12   13   41  0.00000000  0.00000000  0.00000000
TYPE   14   13   41  0.00000000  0.00000000  0.00000000
TYPE   12   13   40  0.00000000  0.00000000  0.00000000
TYPE   14   13   40  0.00000000  0.00000000  0.00000000
TYPE   40   13   41  0.00000000  0.00000000  0.00000000
TYPE   13   14   15  0.00000000  0.00000000  0.00000000
TYPE   13   14   43  0.00000000  0.00000000  0.00000000
TYPE   15   14   43  0.00000000  0.00000000  0.00000000
TYPE   13   14   42  0.00000000  0.00000000  0.00000000
TYPE   15   14   42  0.00000000  0.00000000  0.00000000
TYPE   42   14   43  0.00000000  0.00000000  0.00000000
TYPE   14   15   16  0.00000000  0.00000000  0.00000000
TYPE   14   15   45  0.00000000  0.00000000  0.00000000
TYPE   16   15   45  0.00000000  0.00000000  0.00000000
TYPE   14   15   44  0.00000000  0.00000000  0.00000000
TYPE   16   15   44  0.00000000  0.00000000  0.00000000
TYPE   44   15   45  0.00000000  0.00000000  0.00000000
TYPE   15   16   17  0.00000000  0.00000000  0.00000000
TYPE   15   16   47  0.00000000  0.00000000  0.00000000
TYPE   17   16   47  0.00000000  0.00000000  0.00000000
TYPE   15   16   46  0.00000000  0.00000000  0.00000000
TYPE   17   16   46  0.00000000  0.00000000  0.00000000
TYPE   46   16   47  0.00000000  0.00000000  0.00000000
TYPE   16   17   18  0.00000000  0.00000000  0.00000000
TYPE   16   17   49  0.00000000  0.00000000  0.00000000
TYPE   18   17   49  0.00000000  0.00000000  0.00000000
TYPE   16   17   48  0.00000000  0.00000000  0.00000000
TYPE   18   17   48  0.00000000  0.00000000  0.00000000
TYPE   48   17   49  0.00000000  0.00000000  0.00000000
TYPE   17   18   19  0.00000000  0.00000000  0.00000000
TYPE   17   18   22  0.00000000  0.00000000  0.00000000
TYPE   19   18   22  0.00000000  0.00000000  0.00000000
TYPE   18   19   20  0.00000000  0.00000000  0.00000000
TYPE   18   19   50  0.00000000  0.00000000  0.00000000
TYPE   20   19   50  0.00000000  0.00000000  0.00000000
TYPE   19   20   21  0.00000000  0.00000000  0.00000000
TYPE   20   21   22  0.00000000  0.00000000  0.00000000
TYPE   18   22   21  0.00000000  0.00000000  0.00000000
TYPE   11   22   21  0.00000000  0.00000000  0.00000000
TYPE   11   22   18  0.00000000  0.00000000  0.00000000
DIHEDRALS     132
TYPE   23    1    2    3  0.00000000  0.00000000  0.00000000  0.00000000  0.00000000
TYPE   23    1    2   26  0.00000000  0.00000000  0.00000000  0.00000000  0.00000000
TYPE   23    1    2   27  0.00000000  0.00000000  0.00000000  0.00000000  0.00000000
TYPE   24    1    2    3  0.00000000  0.00000000  0.00000000  0.00000000  0.00000000
TYPE   24    1    2   26  0.00000000  0.00000000  0.00000000  0.00000000  0.00000000
TYPE   24    1    2   27  0.00000000  0.00000000  0.00000000  0.00000000  0.00000000
TYPE   25    1    2    3  0.00000000  0.00000000  0.00000000  0.00000000  0.00000000
TYPE   25    1    2   26  0.00000000  0.00000000  0.00000000  0.00000000  0.00000000
TYPE   25    1    2   27  0.00000000  0.00000000  0.00000000  0.00000000  0.00000000
TYPE    1    2    3    4  0.00000000  0.00000000  0.00000000  0.00000000  0.00000000
TYPE    1    2    3   29  0.00000000  0.00000000  0.00000000  0.00000000  0.00000000
TYPE    1    2    3   28  0.00000000  0.00000000  0.00000000  0.00000000  0.00000000
TYPE   26    2    3    4  0.00000000  0.00000000  0.00000000  0.00000000  0.00000000
TYPE   26    2    3   29  0.00000000  0.00000000  0.00000000  0.00000000  0.00000000
TYPE   26    2    3   28  0.00000000  0.00000000  0.00000000  0.00000000  0.00000000
TYPE   27    2    3    4  0.00000000  0.00000000  0.00000000  0.00000000  0.00000000
TYPE   27    2    3   29  0.00000000  0.00000000  0.00000000  0.00000000  0.00000000
TYPE   27    2    3   28  0.00000000  0.00000000  0.00000000  0.00000000  0.00000000
TYPE    2    3    4    5  0.00000000  0.00000000  0.00000000  0.00000000  0.00000000
TYPE    2    3    4   31  0.00000000  0.00000000  0.00000000  0.00000000  0.00000000
TYPE    2    3    4   30  0.00000000  0.00000000  0.00000000  0.00000000  0.00000000
TYPE   29    3    4    5  0.00000000  0.00000000  0.00000000  0.00000000  0.00000000
TYPE   29    3    4   31  0.00000000  0.00000000  0.00000000  0.00000000  0.00000000
TYPE   29    3    4   30  0.00000000  0.00000000  0.00000000  0.00000000  0.00000000
TYPE   28    3    4    5  0.00000000  0.00000000  0.00000000  0.00000000  0.00000000
TYPE   28    3    4   31  0.00000000  0.00000000  0.00000000  0.00000000  0.00000000
TYPE   28    3    4   30  0.00000000  0.00000000  0.00000000  0.00000000  0.00000000
TYPE    3    4    5    6  0.00000000  0.00000000  0.00000000  0.00000000  0.00000000
TYPE    3    4    5   33  0.00000000  0.00000000  0.00000000  0.00000000  0.00000000
TYPE    3    4    5   32  0.00000000  0.00000000  0.00000000  0.00000000  0.00000000
TYPE   31    4    5    6  0.00000000  0.00000000  0.00000000  0.00000000  0.00000000
TYPE   31    4    5   33  0.00000000  0.00000000  0.00000000  0.00000000  0.00000000
TYPE   31    4    5   32  0.00000000  0.00000000  0.00000000  0.00000000  0.00000000
TYPE   30    4    5    6  0.00000000  0.00000000  0.00000000  0.00000000  0.00000000
TYPE   30    4    5   33  0.00000000  0.00000000  0.00000000  0.00000000  0.00000000
TYPE   30    4    5   32  0.00000000  0.00000000  0.00000000  0.00000000  0.00000000
TYPE    4    5    6    7  0.00000000  0.00000000  0.00000000  0.00000000  0.00000000
TYPE    4    5    6   35  0.00000000  0.00000000  0.00000000  0.00000000  0.00000000
TYPE    4    5    6   34  0.00000000  0.00000000  0.00000000  0.00000000  0.00000000
TYPE   33    5    6    7  0.00000000  0.00000000  0.00000000  0.00000000  0.00000000
TYPE   33    5    6   35  0.00000000  0.00000000  0.00000000  0.00000000  0.00000000
TYPE   33    5    6   34  0.00000000  0.00000000  0.00000000  0.00000000  0.00000000
TYPE   32    5    6    7  0.00000000  0.00000000  0.00000000  0.00000000  0.00000000
TYPE   32    5    6   35  0.00000000  0.00000000  0.00000000  0.00000000  0.00000000
TYPE   32    5    6   34  0.00000000  0.00000000  0.00000000  0.00000000  0.00000000
TYPE    5    6    7    8  0.00000000  0.00000000  0.00000000  0.00000000  0.00000000
TYPE    5    6    7   11  0.00000000  0.00000000  0.00000000  0.00000000  0.00000000
TYPE   35    6    7    8  0.00000000  0.00000000  0.00000000  0.00000000  0.00000000
TYPE   35    6    7   11  0.00000000  0.00000000  0.00000000  0.00000000  0.00000000
TYPE   34    6    7    8  0.00000000  0.00000000  0.00000000  0.00000000  0.00000000
TYPE   34    6    7   11  0.00000000  0.00000000  0.00000000  0.00000000  0.00000000
TYPE    6    7    8    9  0.00000000  0.00000000  0.00000000  0.00000000  0.00000000
TYPE    6    7    8   36  0.00000000  0.00000000  0.00000000  0.00000000  0.00000000
TYPE   11    7    8    9  0.00000000  0.00000000  0.00000000  0.00000000  0.00000000
TYPE   11    7    8   36  0.00000000  0.00000000  0.00000000  0.00000000  0.00000000
TYPE    7    8    9   10  0.00000000  0.00000000  0.00000000  0.00000000  0.00000000
TYPE   36    8    9   10  0.00000000  0.00000000  0.00000000  0.00000000  0.00000000
TYPE    8    9   10   11  0.00000000  0.00000000  0.00000000  0.00000000  0.00000000
TYPE    9   10   11    7  0.00000000  0.00000000  0.00000000  0.00000000  0.00000000
TYPE    9   10   11   22  0.00000000  0.00000000  0.00000000  0.00000000  0.00000000
TYPE   39   12   13   14  0.00000000  0.00000000  0.00000000  0.00000000  0.00000000
TYPE   39   12   13   41  0.00000000  0.00000000  0.00000000  0.00000000  0.00000000
TYPE   39   12   13   40  0.00000000  0.00000000  0.00000000  0.00000000  0.00000000
TYPE   38   12   13   14  0.00000000  0.00000000  0.00000000  0.00000000  0.00000000
TYPE   38   12   13   41  0.00000000  0.00000000  0.00000000  0.00000000  0.00000000
TYPE   38   12   13   40  0.00000000  0.00000000  0.00000000  0.00000000  0.00000000
TYPE   37   12   13   14  0.00000000  0.00000000  0.00000000  0.00000000  0.00000000
TYPE   37   12   13   41  0.00000000  0.00000000  0.00000000  0.00000000  0.00000000
TYPE   37   12   13   40  0.00000000  0.00000000  0.00000000  0.00000000  0.00000000
TYPE   12   13   14   15  0.00000000  0.00000000  0.00000000  0.00000000  0.00000000
TYPE   12   13   14   43  0.00000000  0.00000000  0.00000000  0.00000000  0.00000000
TYPE   12   13   14   42  0.00000000  0.00000000  0.00000000  0.00000000  0.00000000
TYPE   41   13   14   15  0.00000000  0.00000000  0.00000000  0.00000000  0.00000000
TYPE   41   13   14   43  0.00000000  0.00000000  0.00000000  0.00000000  0.00000000
TYPE   41   13   14   42  0.00000000  0.00000000  0.00000000  0.00000000  0.00000000
TYPE   40   13   14   15  0.00000000  0.00000000  0.00000000  0.00000000  0.00000000
TYPE   40   13   14   43  0.00000000  0.00000000  0.00000000  0.00000000  0.00000000
TYPE   40   13   14   42  0.00000000  0.00000000  0.00000000  0.00000000  0.00000000
TYPE   13   14   15   16  0.00000000  0.00000000  0.00000000  0.00000000  0.00000000
TYPE   13   14   15   45  0.00000000  0.00000000  0.00000000  0.00000000  0.00000000
TYPE   13   14   15   44  0.00000000  0.00000000  0.00000000  0.00000000  0.00000000
TYPE   43   14   15   16  0.00000000  0.00000000  0.00000000  0.00000000  0.00000000
TYPE   43   14   15   45  0.00000000  0.00000000  0.00000000  0.00000000  0.00000000
TYPE   43   14   15   44  0.00000000  0.00000000  0.00000000  0.00000000  0.00000000
TYPE   42   14   15   16  0.00000000  0.00000000  0.00000000  0.00000000  0.00000000
TYPE   42   14   15   45  0.00000000  0.00000000  0.00000000  0.00000000  0.00000000
TYPE   42   14   15   44  0.00000000  0.00000000  0.00000000  0.00000000  0.00000000
TYPE   14   15   16   17  0.00000000  0.00000000  0.00000000  0.00000000  0.00000000
TYPE   14   15   16   47  0.00000000  0.00000000  0.00000000  0.00000000  0.00000000
TYPE   14   15   16   46  0.00000000  0.00000000  0.00000000  0.00000000  0.00000000
TYPE   45   15   16   17  0.00000000  0.00000000  0.00000000  0.00000000  0.00000000
TYPE   45   15   16   47  0.00000000  0.00000000  0.00000000  0.00000000  0.00000000
TYPE   45   15   16   46  0.00000000  0.00000000  0.00000000  0.00000000  0.00000000
TYPE   44   15   16   17  0.00000000  0.00000000  0.00000000  0.00000000  0.00000000
TYPE   44   15   16   47  0.00000000  0.00000000  0.00000000  0.00000000  0.00000000
TYPE   44   15   16   46  0.00000000  0.00000000  0.00000000  0.00000000  0.00000000
TYPE   15   16   17   18  0.00000000  0.00000000  0.00000000  0.00000000  0.00000000
TYPE   15   16   17   49  0.00000000  0.00000000  0.00000000  0.00000000  0.00000000
TYPE   15   16   17   48  0.00000000  0.00000000  0.00000000  0.00000000  0.00000000
TYPE   47   16   17   18  0.00000000  0.00000000  0.00000000  0.00000000  0.00000000
TYPE   47   16   17   49  0.00000000  0.00000000  0.00000000  0.00000000  0.00000000
TYPE   47   16   17   48  0.00000000  0.00000000  0.00000000  0.00000000  0.00000000
TYPE   46   16   17   18  0.00000000  0.00000000  0.00000000  0.00000000  0.00000000
TYPE   46   16   17   49  0.00000000  0.00000000  0.00000000  0.00000000  0.00000000
TYPE   46   16   17   48  0.00000000  0.00000000  0.00000000  0.00000000  0.00000000
TYPE   16   17   18   19  0.00000000  0.00000000  0.00000000  0.00000000  0.00000000
TYPE   16   17   18   22  0.00000000  0.00000000  0.00000000  0.00000000  0.00000000
TYPE   49   17   18   19  0.00000000  0.00000000  0.00000000  0.00000000  0.00000000
TYPE   49   17   18   22  0.00000000  0.00000000  0.00000000  0.00000000  0.00000000
TYPE   48   17   18   19  0.00000000  0.00000000  0.00000000  0.00000000  0.00000000
TYPE   48   17   18   22  0.00000000  0.00000000  0.00000000  0.00000000  0.00000000
TYPE   17   18   19   20  0.00000000  0.00000000  0.00000000  0.00000000  0.00000000
TYPE   17   18   19   50  0.00000000  0.00000000  0.00000000  0.00000000  0.00000000
TYPE   22   18   19   20  0.00000000  0.00000000  0.00000000  0.00000000  0.00000000
TYPE   22   18   19   50  0.00000000  0.00000000  0.00000000  0.00000000  0.00000000
TYPE   18   19   20   21  0.00000000  0.00000000  0.00000000  0.00000000  0.00000000
TYPE   50   19   20   21  0.00000000  0.00000000  0.00000000  0.00000000  0.00000000
TYPE   19   20   21   22  0.00000000  0.00000000  0.00000000  0.00000000  0.00000000
TYPE   20   21   22   18  0.00000000  0.00000000  0.00000000  0.00000000  0.00000000
TYPE   20   21   22   11  0.00000000  0.00000000  0.00000000  0.00000000  0.00000000
TYPE    6    7   11   10  0.00000000  0.00000000  0.00000000  0.00000000  0.00000000
TYPE    6    7   11   22  0.00000000  0.00000000  0.00000000  0.00000000  0.00000000
TYPE    8    7   11   10  0.00000000  0.00000000  0.00000000  0.00000000  0.00000000
TYPE    8    7   11   22  0.00000000  0.00000000  0.00000000  0.00000000  0.00000000
TYPE   17   18   22   21  0.00000000  0.00000000  0.00000000  0.00000000  0.00000000
TYPE   17   18   22   11  0.00000000  0.00000000  0.00000000  0.00000000  0.00000000
TYPE   19   18   22   21  0.00000000  0.00000000  0.00000000  0.00000000  0.00000000
TYPE   19   18   22   11  0.00000000  0.00000000  0.00000000  0.00000000  0.00000000
TYPE   10   11   22   21  0.00000000  0.00000000  0.00000000  0.00000000  0.00000000
TYPE   10   11   22   18  0.00000000  0.00000000  0.00000000  0.00000000  0.00000000
TYPE    7   11   22   21  0.00000000  0.00000000  0.00000000  0.00000000  0.00000000
TYPE    7   11   22   18  0.00000000  0.00000000  0.00000000  0.00000000  0.00000000
INVERSIONS      54
TYPE    1    2   23   24  0.00000000  0.00000000
TYPE    1    2   23   25  0.00000000  0.00000000
TYPE    1    2   24   25  0.00000000  0.00000000
TYPE    1   23   24   25  0.00000000  0.00000000
TYPE    2    1    3   26  0.00000000  0.00000000
TYPE    2    1    3   27  0.00000000  0.00000000
TYPE    2    1   26   27  0.00000000  0.00000000
TYPE    2    3   26   27  0.00000000  0.00000000
TYPE    3    2    4   29  0.00000000  0.00000000
TYPE    3    2    4   28  0.00000000  0.00000000
TYPE    3    2   29   28  0.00000000  0.00000000
TYPE    3    4   29   28  0.00000000  0.00000000
TYPE    4    3    5   31  0.00000000  0.00000000
TYPE    4    3    5   30  0.00000000  0.00000000
TYPE    4    3   31   30  0.00000000  0.00000000
TYPE    4    5   31   30  0.00000000  0.00000000
TYPE    5    4    6   33  0.00000000  0.00000000
TYPE    5    4    6   32  0.00000000  0.00000000
TYPE    5    4   33   32  0.00000000  0.00000000
TYPE    5    6   33   32  0.00000000  0.00000000
TYPE    6    5    7   35  0.00000000  0.00000000
TYPE    6    5    7   34  0.00000000  0.00000000
TYPE    6    5   35   34  0.00000000  0.00000000
TYPE    6    7   35   34  0.00000000  0.00000000
TYPE    7    6    8   11  0.00000000  0.00000000
TYPE    8    7    9   36  0.00000000  0.00000000
TYPE   11   10    7   22  0.00000000  0.00000000
TYPE   12   13   39   38  0.00000000  0.00000000
TYPE   12   13   39   37  0.00000000  0.00000000
TYPE   12   13   38   37  0.00000000  0.00000000
TYPE   12   39   38   37  0.00000000  0.00000000
TYPE   13   12   14   41  0.00000000  0.00000000
TYPE   13   12   14   40  0.00000000  0.00000000
TYPE   13   12   41   40  0.00000000  0.00000000
TYPE   13   14   41   40  0.00000000  0.00000000
TYPE   14   13   15   43  0.00000000  0.00000000
TYPE   14   13   15   42  0.00000000  0.00000000
TYPE   14   13   43   42  0.00000000  0.00000000
TYPE   14   15   43   42  0.00000000  0.00000000
TYPE   15   14   16   45  0.00000000  0.00000000
TYPE   15   14   16   44  0.00000000  0.00000000
TYPE   15   14   45   44  0.00000000  0.00000000
TYPE   15   16   45   44  0.00000000  0.00000000
TYPE   16   15   17   47  0.00000000  0.00000000
TYPE   16   15   17   46  0.00000000  0.00000000
TYPE   16   15   47   46  0.00000000  0.00000000
TYPE   16   17   47   46  0.00000000  0.00000000
TYPE   17   16   18   49  0.00000000  0.00000000
TYPE   17   16   18   48  0.00000000  0.00000000
TYPE   17   16   49   48  0.00000000  0.00000000
TYPE   17   18   49   48  0.00000000  0.00000000
TYPE   18   17   19   22  0.00000000  0.00000000
TYPE   19   18   20   50  0.00000000  0.00000000
TYPE   22   21   18   11  0.00000000  0.00000000
FINISH
VDW      10
C_3     C_3     TYPE  0.00000000  1.00000000  0.00000000
C_3     C_2     TYPE  0.00000000  1.00000000  0.00000000
C_3     S_2     TYPE  0.00000000  1.00000000  0.00000000
C_3     H_      TYPE  0.00000000  1.00000000  0.00000000
C_2     C_2     TYPE  0.00000000  1.00000000  0.00000000
C_2     S_2     TYPE  0.00000000  1.00000000  0.00000000
C_2     H_      TYPE  0.00000000  1.00000000  0.00000000
S_2     S_2     TYPE  0.00000000  1.00000000  0.00000000
S_2     H_      TYPE  0.00000000  1.00000000  0.00000000
H_      H_      TYPE  0.00000000  1.00000000  0.00000000
TBP      40
C_3     C_3     C_3     TYPE  0.00000000  0.00000000  0.00000000  0.00000000  0.00000000
C_3     C_3     C_2     TYPE  0.00000000  0.00000000  0.00000000  0.00000000  0.00000000
C_3     C_3     S_2     TYPE  0.00000000  0.00000000  0.00000000  0.00000000  0.00000000
C_3     C_3     H_      TYPE  0.00000000  0.00000000  0.00000000  0.00000000  0.00000000
C_2     C_3     C_2     TYPE  0.00000000  0.00000000  0.00000000  0.00000000  0.00000000
C_2     C_3     S_2     TYPE  0.00000000  0.00000000  0.00000000  0.00000000  0.00000000
C_2     C_3     H_      TYPE  0.00000000  0.00000000  0.00000000  0.00000000  0.00000000
S_2     C_3     S_2     TYPE  0.00000000  0.00000000  0.00000000  0.00000000  0.00000000
S_2     C_3     H_      TYPE  0.00000000  0.00000000  0.00000000  0.00000000  0.00000000
H_      C_3     H_      TYPE  0.00000000  0.00000000  0.00000000  0.00000000  0.00000000
C_3     C_2     C_3     TYPE  0.00000000  0.00000000  0.00000000  0.00000000  0.00000000
C_3     C_2     C_2     TYPE  0.00000000  0.00000000  0.00000000  0.00000000  0.00000000
C_3     C_2     S_2     TYPE  0.00000000  0.00000000  0.00000000  0.00000000  0.00000000
C_3     C_2     H_      TYPE  0.00000000  0.00000000  0.00000000  0.00000000  0.00000000
C_2     C_2     C_2     TYPE  0.00000000  0.00000000  0.00000000  0.00000000  0.00000000
C_2     C_2     S_2     TYPE  0.00000000  0.00000000  0.00000000  0.00000000  0.00000000
C_2     C_2     H_      TYPE  0.00000000  0.00000000  0.00000000  0.00000000  0.00000000
S_2     C_2     S_2     TYPE  0.00000000  0.00000000  0.00000000  0.00000000  0.00000000
S_2     C_2     H_      TYPE  0.00000000  0.00000000  0.00000000  0.00000000  0.00000000
H_      C_2     H_      TYPE  0.00000000  0.00000000  0.00000000  0.00000000  0.00000000
C_3     S_2     C_3     TYPE  0.00000000  0.00000000  0.00000000  0.00000000  0.00000000
C_3     S_2     C_2     TYPE  0.00000000  0.00000000  0.00000000  0.00000000  0.00000000
C_3     S_2     S_2     TYPE  0.00000000  0.00000000  0.00000000  0.00000000  0.00000000
C_3     S_2     H_      TYPE  0.00000000  0.00000000  0.00000000  0.00000000  0.00000000
C_2     S_2     C_2     TYPE  0.00000000  0.00000000  0.00000000  0.00000000  0.00000000
C_2     S_2     S_2     TYPE  0.00000000  0.00000000  0.00000000  0.00000000  0.00000000
C_2     S_2     H_      TYPE  0.00000000  0.00000000  0.00000000  0.00000000  0.00000000
S_2     S_2     S_2     TYPE  0.00000000  0.00000000  0.00000000  0.00000000  0.00000000
S_2     S_2     H_      TYPE  0.00000000  0.00000000  0.00000000  0.00000000  0.00000000
H_      S_2     H_      TYPE  0.00000000  0.00000000  0.00000000  0.00000000  0.00000000
C_3     H_      C_3     TYPE  0.00000000  0.00000000  0.00000000  0.00000000  0.00000000
C_3     H_      C_2     TYPE  0.00000000  0.00000000  0.00000000  0.00000000  0.00000000
C_3     H_      S_2     TYPE  0.00000000  0.00000000  0.00000000  0.00000000  0.00000000
C_3     H_      H_      TYPE  0.00000000  0.00000000  0.00000000  0.00000000  0.00000000
C_2     H_      C_2     TYPE  0.00000000  0.00000000  0.00000000  0.00000000  0.00000000
C_2     H_      S_2     TYPE  0.00000000  0.00000000  0.00000000  0.00000000  0.00000000
C_2     H_      H_      TYPE  0.00000000  0.00000000  0.00000000  0.00000000  0.00000000
S_2     H_      S_2     TYPE  0.00000000  0.00000000  0.00000000  0.00000000  0.00000000
S_2     H_      H_      TYPE  0.00000000  0.00000000  0.00000000  0.00000000  0.00000000
H_      H_      H_      TYPE  0.00000000  0.00000000  0.00000000  0.00000000  0.00000000
CLOSE
