GUI Reference : 2014/7/17/11:21
         0         1
  25.347843565892890  0.0000000000000000  0.0000000000000000
  0.0000000000000000  25.347843565892890  0.0000000000000000
  0.0000000000000000  0.0000000000000000  25.347843565892890
C_3              1         6
 -8.0342241806887690 -2.0842691778004125 -1.6322425653823138
C_3              2         6
 -7.0568976279979020 -0.9084368262219394 -1.8162282504991374
C_3              3         6
 -6.1218583748346580 -1.1992860615960137 -3.0048008114752990
C_3              4         6
 -4.7933542841450820 -0.4453290310374859 -2.8092895356826750
C_3              5         6
 -3.8418555483809150 -0.7709879847900447 -3.9755617728519720
C_3              6         6
 -2.4038483368287800 -0.9084008855924112 -3.4418434743168387
C_2              7         6
 -1.4723542901252984 -0.5020820572102881 -4.4620455599805500
C_2              8         6
 -1.5620337613625660 -1.0385683124466691 -5.7338055599682870
C_2              9         6
 -0.3639743099709578 -1.0988524309702377 -6.3678459880436590
S_2             10        16
  0.6995978271549148 -0.5099320219874233 -5.3640807666574240
C_2             11         6
 -0.2057380111156821 -0.1523174838548182 -4.1239043634189450
C_3             12         6
  8.4136454557166100 -2.4990630925607900 -1.5198696107327165
C_3             13         6
  7.5322435424304170 -1.5232470887147525 -2.3214367885745832
C_3             14         6
  6.1483787084625960 -1.4152325731233090 -1.6544692819173104
C_3             15         6
  5.0931122293032260 -1.0558535998295750 -2.7169451773361200
C_3             16         6
  3.7411288892034860 -0.7912384635724529 -2.0286756251369250
C_3             17         6
  2.6365590782338946 -0.6731043126618613 -3.0952457886729974
C_2             18         6
  1.4970479295342438  0.0044999618820983 -2.5331356739414974
C_2             19         6
  1.5661983167425035  0.5308745972516280 -1.2558877092606486
C_2             20         6
  0.3640276959030811  0.5524743631409649 -0.6271545589703269
S_2             21        16
 -0.6785200783170930 -0.0551316006442270 -1.6417877977782556
C_2             22         6
  0.2419541974103748 -0.3760314004671457 -2.8808715359056887
H_              23         1
 -8.3574618210732310 -2.4731599469762697 -2.6539477076102345
H_              24         1
 -7.5185200606601720 -2.9200112425242004 -1.0532913914631867
H_              25         1
 -8.9501662150024770 -1.7300577607900165 -1.0532913914631867
H_              26         1
 -6.4371809582616635 -0.7775292244183244 -0.8683809795212396
H_              27         1
 -7.6453112163903790  0.0463798985479679 -2.0204204911792285
H_              28         1
 -6.6168694824568830 -0.8525688236110840 -3.9714192265046820
H_              29         1
 -5.9181134784275400 -2.3194325127012690 -3.0627658468289710
H_              30         1
 -4.3142695252105370 -0.7681692103004238 -1.8265118332141552
H_              31         1
 -4.9933590396847976  0.6767041245240756 -2.7839973305344320
H_              32         1
 -3.8828569535519740  0.0689038774722583 -4.7453023424848560
H_              33         1
 -4.1609975271601850 -1.7502319479314183 -4.4642637864463770
H_              34         1
 -2.2061851346945573 -1.9945523233878400 -3.1575824802354022
H_              35         1
 -2.2744521491803890 -0.2456352927663814 -2.5233673474375267
H_              36         1
 -2.4542045863152900 -1.3618344667036597 -6.1593995127155900
H_              37         1
  9.0061193453589150 -3.1550016543666430 -2.2398135622974675
H_              38         1
  9.1343886777269730 -1.9083585306897360 -0.8632134385570274
H_              39         1
  7.7528952255632250 -3.1561869810638643 -0.8632134385570274
H_              40         1
  7.4112411551876880 -1.9085427533738781 -3.3875069894223710
H_              41         1
  8.0251987211877740 -0.4955539787564842 -2.3424620957020560
H_              42         1
  6.1743110063184180 -0.6031952971036615 -0.8547674760285757
H_              43         1
  5.8791981788663590 -2.4133447404782324 -1.1739342218815796
H_              44         1
  4.9829287728985250 -1.9211104826391328 -3.4509684281562825
H_              45         1
  5.4229434208246100 -0.1204468596718062 -3.2789288208936513
H_              46         1
  3.8008900212751624  0.1797400339872031 -1.4343446025329365
H_              47         1
  3.4982161257698730 -1.6537827638462226 -1.3239695023556084
H_              48         1
  2.3274696555333550 -1.7150912417684140 -3.4392326611041140
H_              49         1
  3.0300927128469195 -0.0801021482848640 -3.9857960183241150
H_              50         1
  2.4472682518909643  0.8741048396919449 -0.8228648807032519
C_3             51         6
 -7.4684984120095370 -2.0614235394391587  5.1602097783507010
C_3             52         6
 -6.4845039751982110 -0.8910359289431720  4.9770507870127250
C_3             53         6
 -5.5498879568201190 -1.1872159975967709  3.7894609293151205
C_3             54         6
 -4.2351601898949860 -0.4043396450518979  3.9632243371105030
C_3             55         6
 -3.2978085200082483 -0.7058942381755581  2.7791487045204940
C_3             56         6
 -1.8593098127795007 -0.8901308516888429  3.2971983868200060
C_2             57         6
 -0.9525502042738133 -0.1298251946549905  2.4766364240176650
C_2             58         6
 -0.9383333275284415 -0.3160671515294805  1.1061088920828694
C_2             59         6
  0.2771839701096090 -0.0769013343740881  0.5526554893346450
S_2             60        16
  1.2313386788013987  0.3352927161801115  1.7380906485972107
C_2             61         6
  0.2520970798477199  0.2517253571541243  2.9708345409828240
C_3             62         6
  8.9020830263277960 -2.4835820027328440  5.2354146574454880
C_3             63         6
  7.9666425589665370 -1.5487938777967238  4.4462863481536280
C_3             64         6
  6.6126595912124810 -1.4449079528408628  5.1726032516251905
C_3             65         6
  5.5118172827168730 -1.0854282571985140  4.1574555846495380
C_3             66         6
  4.1965344301434350 -0.8003147451849267  4.9060141626407280
C_3             67         6
  3.0807415319727345 -0.5011277739080777  3.8876321411265606
C_2             68         6
  1.9374918885039298  0.0423513785205817  4.5740813870090480
C_2             69         6
  1.9941927124941712  0.2727257992763830  5.9367826950116940
C_2             70         6
  0.7850711424148537  0.1621937448656508  6.5424129673536470
S_2             71        16
 -0.2482007041293776 -0.1996174364685347  5.4079612841907820
C_2             72         6
  0.6849811257325743 -0.2441521004200749  4.1380214666287280
H_              73         1
 -7.7929568147629270 -2.4485770835283990  4.1382318172342725
H_              74         1
 -6.9579602477188820 -2.8999763081391867  5.7396747633371380
H_              75         1
 -8.3829897029772220 -1.7021077858840040  5.7383083638436050
H_              76         1
 -5.8650289511531110 -0.7634207423264107  5.9255048350684410
H_              77         1
 -7.0674264076824740  0.0669888559423299  4.7721355003733820
H_              78         1
 -6.0561927760248230 -0.8690265068395872  2.8188887507705220
H_              79         1
 -5.3249641005758920 -2.3041881151073595  3.7522781205243727
H_              80         1
 -3.7314014204557964 -0.7188158003267154  4.9363286042536800
H_              81         1
 -4.4595620128985660  0.7128962220849586  3.9952744153438390
H_              82         1
 -3.3274514765896710  0.1618897998102994  2.0404530202876447
H_              83         1
 -3.6391441047028140 -1.6605248872014100  2.2578324104145278
H_              84         1
 -1.5777549914086402 -1.9939088356875970  3.2524652672047830
H_              85         1
 -1.7938523049606758 -0.5246452212935031  4.3750361582065110
H_              86         1
 -1.5825641411922342 -1.0051647180893144  0.6682597159933729
H_              87         1
  9.5024813246676240 -3.1232959436216348  4.5074808673706600
H_              88         1
  9.6146654006025760 -1.8603515793187384  5.8705607559407760
H_              89         1
  8.2815701142019100 -3.1590852845936137  5.9123632045684165
H_              90         1
  7.8047908330295850 -1.9688796681864604  3.3989414050844493
H_              91         1
  8.4383242417299510 -0.5136269737426065  4.3718118856075040
H_              92         1
  6.6715566073746560 -0.6344781639348989  5.9721874916716710
H_              93         1
  6.3663713218832660 -2.4445451994612060  5.6621615441026890
H_              94         1
  5.3586823879680850 -1.9567712163427045  3.4384902965352784
H_              95         1
  5.8236940497226850 -0.1590352660130267  3.5708308670443440
H_              96         1
  4.3367993636516660  0.0997800742722795  5.5914007795682750
H_              97         1
  3.9085932632831180 -1.7108256745553378  5.5286379129392630
H_              98         1
  2.7824556562208405 -1.4648299586870022  3.3566855152203146
H_              99         1
  3.4581230192987853  0.2537955376856581  3.1212948173503463
H_             100         1
  2.7141026419938760  0.9143661429030032  6.3261769023564230
