GUI Reference : 2014/7/17/11:21
UNITS 
MOLECULES        1
Species      0
NUMMOLS        1
ATOMS     100
C_3       12.0111500  0.00000000
C_3       12.0111500  0.00000000
C_3       12.0111500  0.00000000
C_3       12.0111500  0.00000000
C_3       12.0111500  0.00000000
C_3       12.0111500  0.00000000
C_2       12.0111500  0.00000000
C_2       12.0111500  0.00000000
C_2       12.0111500  0.00000000
S_2       32.0640000  0.00000000
C_2       12.0111500  0.00000000
C_3       12.0111500  0.00000000
C_3       12.0111500  0.00000000
C_3       12.0111500  0.00000000
C_3       12.0111500  0.00000000
C_3       12.0111500  0.00000000
C_3       12.0111500  0.00000000
C_2       12.0111500  0.00000000
C_2       12.0111500  0.00000000
C_2       12.0111500  0.00000000
S_2       32.0640000  0.00000000
C_2       12.0111500  0.00000000
H_        1.00797000  0.00000000
H_        1.00797000  0.00000000
H_        1.00797000  0.00000000
H_        1.00797000  0.00000000
H_        1.00797000  0.00000000
H_        1.00797000  0.00000000
H_        1.00797000  0.00000000
H_        1.00797000  0.00000000
H_        1.00797000  0.00000000
H_        1.00797000  0.00000000
H_        1.00797000  0.00000000
H_        1.00797000  0.00000000
H_        1.00797000  0.00000000
H_        1.00797000  0.00000000
H_        1.00797000  0.00000000
H_        1.00797000  0.00000000
H_        1.00797000  0.00000000
H_        1.00797000  0.00000000
H_        1.00797000  0.00000000
H_        1.00797000  0.00000000
H_        1.00797000  0.00000000
H_        1.00797000  0.00000000
H_        1.00797000  0.00000000
H_        1.00797000  0.00000000
H_        1.00797000  0.00000000
H_        1.00797000  0.00000000
H_        1.00797000  0.00000000
H_        1.00797000  0.00000000
C_3       12.0111500  0.00000000
C_3       12.0111500  0.00000000
C_3       12.0111500  0.00000000
C_3       12.0111500  0.00000000
C_3       12.0111500  0.00000000
C_3       12.0111500  0.00000000
C_2       12.0111500  0.00000000
C_2       12.0111500  0.00000000
C_2       12.0111500  0.00000000
S_2       32.0640000  0.00000000
C_2       12.0111500  0.00000000
C_3       12.0111500  0.00000000
C_3       12.0111500  0.00000000
C_3       12.0111500  0.00000000
C_3       12.0111500  0.00000000
C_3       12.0111500  0.00000000
C_3       12.0111500  0.00000000
C_2       12.0111500  0.00000000
C_2       12.0111500  0.00000000
C_2       12.0111500  0.00000000
S_2       32.0640000  0.00000000
C_2       12.0111500  0.00000000
H_        1.00797000  0.00000000
H_        1.00797000  0.00000000
H_        1.00797000  0.00000000
H_        1.00797000  0.00000000
H_        1.00797000  0.00000000
H_        1.00797000  0.00000000
H_        1.00797000  0.00000000
H_        1.00797000  0.00000000
H_        1.00797000  0.00000000
H_        1.00797000  0.00000000
H_        1.00797000  0.00000000
H_        1.00797000  0.00000000
H_        1.00797000  0.00000000
H_        1.00797000  0.00000000
H_        1.00797000  0.00000000
H_        1.00797000  0.00000000
H_        1.00797000  0.00000000
H_        1.00797000  0.00000000
H_        1.00797000  0.00000000
H_        1.00797000  0.00000000
H_        1.00797000  0.00000000
H_        1.00797000  0.00000000
H_        1.00797000  0.00000000
H_        1.00797000  0.00000000
H_        1.00797000  0.00000000
H_        1.00797000  0.00000000
H_        1.00797000  0.00000000
H_        1.00797000  0.00000000
BONDS     103
TYPE    1    2  0.00000000  0.00000000  0.00000000
TYPE    2    3  0.00000000  0.00000000  0.00000000
TYPE    3    4  0.00000000  0.00000000  0.00000000
TYPE    4    5  0.00000000  0.00000000  0.00000000
TYPE    5    6  0.00000000  0.00000000  0.00000000
TYPE    6    7  0.00000000  0.00000000  0.00000000
TYPE    7    8  0.00000000  0.00000000  0.00000000
TYPE    8    9  0.00000000  0.00000000  0.00000000
TYPE    9   10  0.00000000  0.00000000  0.00000000
TYPE   10   11  0.00000000  0.00000000  0.00000000
TYPE   12   13  0.00000000  0.00000000  0.00000000
TYPE   13   14  0.00000000  0.00000000  0.00000000
TYPE   14   15  0.00000000  0.00000000  0.00000000
TYPE   15   16  0.00000000  0.00000000  0.00000000
TYPE   16   17  0.00000000  0.00000000  0.00000000
TYPE   17   18  0.00000000  0.00000000  0.00000000
TYPE   18   19  0.00000000  0.00000000  0.00000000
TYPE   19   20  0.00000000  0.00000000  0.00000000
TYPE   20   21  0.00000000  0.00000000  0.00000000
TYPE   21   22  0.00000000  0.00000000  0.00000000
TYPE   51   52  0.00000000  0.00000000  0.00000000
TYPE   52   53  0.00000000  0.00000000  0.00000000
TYPE   53   54  0.00000000  0.00000000  0.00000000
TYPE   54   55  0.00000000  0.00000000  0.00000000
TYPE   55   56  0.00000000  0.00000000  0.00000000
TYPE   56   57  0.00000000  0.00000000  0.00000000
TYPE   57   58  0.00000000  0.00000000  0.00000000
TYPE   58   59  0.00000000  0.00000000  0.00000000
TYPE   59   60  0.00000000  0.00000000  0.00000000
TYPE   60   61  0.00000000  0.00000000  0.00000000
TYPE   62   63  0.00000000  0.00000000  0.00000000
TYPE   63   64  0.00000000  0.00000000  0.00000000
TYPE   64   65  0.00000000  0.00000000  0.00000000
TYPE   65   66  0.00000000  0.00000000  0.00000000
TYPE   66   67  0.00000000  0.00000000  0.00000000
TYPE   67   68  0.00000000  0.00000000  0.00000000
TYPE   68   69  0.00000000  0.00000000  0.00000000
TYPE   69   70  0.00000000  0.00000000  0.00000000
TYPE   70   71  0.00000000  0.00000000  0.00000000
TYPE   71   72  0.00000000  0.00000000  0.00000000
TYPE    7   11  0.00000000  0.00000000  0.00000000
TYPE   18   22  0.00000000  0.00000000  0.00000000
TYPE   57   61  0.00000000  0.00000000  0.00000000
TYPE   68   72  0.00000000  0.00000000  0.00000000
TYPE   11   22  0.00000000  0.00000000  0.00000000
TYPE   61   72  0.00000000  0.00000000  0.00000000
TYPE    1   23  0.00000000  0.00000000  0.00000000
TYPE   51   73  0.00000000  0.00000000  0.00000000
TYPE    1   24  0.00000000  0.00000000  0.00000000
TYPE   51   74  0.00000000  0.00000000  0.00000000
TYPE    1   25  0.00000000  0.00000000  0.00000000
TYPE    2   26  0.00000000  0.00000000  0.00000000
TYPE   51   75  0.00000000  0.00000000  0.00000000
TYPE   52   76  0.00000000  0.00000000  0.00000000
TYPE    2   27  0.00000000  0.00000000  0.00000000
TYPE    3   28  0.00000000  0.00000000  0.00000000
TYPE   12   37  0.00000000  0.00000000  0.00000000
TYPE   52   77  0.00000000  0.00000000  0.00000000
TYPE   53   78  0.00000000  0.00000000  0.00000000
TYPE   62   87  0.00000000  0.00000000  0.00000000
TYPE    3   29  0.00000000  0.00000000  0.00000000
TYPE    4   30  0.00000000  0.00000000  0.00000000
TYPE   12   38  0.00000000  0.00000000  0.00000000
TYPE   53   79  0.00000000  0.00000000  0.00000000
TYPE   54   80  0.00000000  0.00000000  0.00000000
TYPE   62   88  0.00000000  0.00000000  0.00000000
TYPE    4   31  0.00000000  0.00000000  0.00000000
TYPE    5   32  0.00000000  0.00000000  0.00000000
TYPE   12   39  0.00000000  0.00000000  0.00000000
TYPE   13   40  0.00000000  0.00000000  0.00000000
TYPE   54   81  0.00000000  0.00000000  0.00000000
TYPE   55   82  0.00000000  0.00000000  0.00000000
TYPE   62   89  0.00000000  0.00000000  0.00000000
TYPE   63   90  0.00000000  0.00000000  0.00000000
TYPE    5   33  0.00000000  0.00000000  0.00000000
TYPE    6   34  0.00000000  0.00000000  0.00000000
TYPE    8   36  0.00000000  0.00000000  0.00000000
TYPE   13   41  0.00000000  0.00000000  0.00000000
TYPE   14   42  0.00000000  0.00000000  0.00000000
TYPE   55   83  0.00000000  0.00000000  0.00000000
TYPE   56   84  0.00000000  0.00000000  0.00000000
TYPE   58   86  0.00000000  0.00000000  0.00000000
TYPE   63   91  0.00000000  0.00000000  0.00000000
TYPE   64   92  0.00000000  0.00000000  0.00000000
TYPE    6   35  0.00000000  0.00000000  0.00000000
TYPE   14   43  0.00000000  0.00000000  0.00000000
TYPE   15   44  0.00000000  0.00000000  0.00000000
TYPE   56   85  0.00000000  0.00000000  0.00000000
TYPE   64   93  0.00000000  0.00000000  0.00000000
TYPE   65   94  0.00000000  0.00000000  0.00000000
TYPE   15   45  0.00000000  0.00000000  0.00000000
TYPE   16   46  0.00000000  0.00000000  0.00000000
TYPE   65   95  0.00000000  0.00000000  0.00000000
TYPE   66   96  0.00000000  0.00000000  0.00000000
TYPE   16   47  0.00000000  0.00000000  0.00000000
TYPE   17   48  0.00000000  0.00000000  0.00000000
TYPE   19   50  0.00000000  0.00000000  0.00000000
TYPE   66   97  0.00000000  0.00000000  0.00000000
TYPE   67   98  0.00000000  0.00000000  0.00000000
TYPE   69  100  0.00000000  0.00000000  0.00000000
TYPE   17   49  0.00000000  0.00000000  0.00000000
TYPE   67   99  0.00000000  0.00000000  0.00000000
TYPE   20   59  0.00000000  0.00000000  0.00000000
ANGLES     192
TYPE    2    1   23  0.00000000  0.00000000  0.00000000
TYPE    2    1   24  0.00000000  0.00000000  0.00000000
TYPE   23    1   24  0.00000000  0.00000000  0.00000000
TYPE    2    1   25  0.00000000  0.00000000  0.00000000
TYPE   23    1   25  0.00000000  0.00000000  0.00000000
TYPE   24    1   25  0.00000000  0.00000000  0.00000000
TYPE    1    2    3  0.00000000  0.00000000  0.00000000
TYPE    1    2   26  0.00000000  0.00000000  0.00000000
TYPE    3    2   26  0.00000000  0.00000000  0.00000000
TYPE    1    2   27  0.00000000  0.00000000  0.00000000
TYPE    3    2   27  0.00000000  0.00000000  0.00000000
TYPE   26    2   27  0.00000000  0.00000000  0.00000000
TYPE    2    3    4  0.00000000  0.00000000  0.00000000
TYPE    2    3   28  0.00000000  0.00000000  0.00000000
TYPE    4    3   28  0.00000000  0.00000000  0.00000000
TYPE    2    3   29  0.00000000  0.00000000  0.00000000
TYPE    4    3   29  0.00000000  0.00000000  0.00000000
TYPE   28    3   29  0.00000000  0.00000000  0.00000000
TYPE    3    4    5  0.00000000  0.00000000  0.00000000
TYPE    3    4   30  0.00000000  0.00000000  0.00000000
TYPE    5    4   30  0.00000000  0.00000000  0.00000000
TYPE    3    4   31  0.00000000  0.00000000  0.00000000
TYPE    5    4   31  0.00000000  0.00000000  0.00000000
TYPE   30    4   31  0.00000000  0.00000000  0.00000000
TYPE    4    5    6  0.00000000  0.00000000  0.00000000
TYPE    4    5   32  0.00000000  0.00000000  0.00000000
TYPE    6    5   32  0.00000000  0.00000000  0.00000000
TYPE    4    5   33  0.00000000  0.00000000  0.00000000
TYPE    6    5   33  0.00000000  0.00000000  0.00000000
TYPE   32    5   33  0.00000000  0.00000000  0.00000000
TYPE    5    6    7  0.00000000  0.00000000  0.00000000
TYPE    5    6   34  0.00000000  0.00000000  0.00000000
TYPE    7    6   34  0.00000000  0.00000000  0.00000000
TYPE    5    6   35  0.00000000  0.00000000  0.00000000
TYPE    7    6   35  0.00000000  0.00000000  0.00000000
TYPE   34    6   35  0.00000000  0.00000000  0.00000000
TYPE    6    7    8  0.00000000  0.00000000  0.00000000
TYPE    6    7   11  0.00000000  0.00000000  0.00000000
TYPE    8    7   11  0.00000000  0.00000000  0.00000000
TYPE    7    8    9  0.00000000  0.00000000  0.00000000
TYPE    7    8   36  0.00000000  0.00000000  0.00000000
TYPE    9    8   36  0.00000000  0.00000000  0.00000000
TYPE    8    9   10  0.00000000  0.00000000  0.00000000
TYPE    9   10   11  0.00000000  0.00000000  0.00000000
TYPE    7   11   10  0.00000000  0.00000000  0.00000000
TYPE   10   11   22  0.00000000  0.00000000  0.00000000
TYPE    7   11   22  0.00000000  0.00000000  0.00000000
TYPE   13   12   37  0.00000000  0.00000000  0.00000000
TYPE   13   12   38  0.00000000  0.00000000  0.00000000
TYPE   37   12   38  0.00000000  0.00000000  0.00000000
TYPE   13   12   39  0.00000000  0.00000000  0.00000000
TYPE   37   12   39  0.00000000  0.00000000  0.00000000
TYPE   38   12   39  0.00000000  0.00000000  0.00000000
TYPE   12   13   14  0.00000000  0.00000000  0.00000000
TYPE   12   13   40  0.00000000  0.00000000  0.00000000
TYPE   14   13   40  0.00000000  0.00000000  0.00000000
TYPE   12   13   41  0.00000000  0.00000000  0.00000000
TYPE   14   13   41  0.00000000  0.00000000  0.00000000
TYPE   40   13   41  0.00000000  0.00000000  0.00000000
TYPE   13   14   15  0.00000000  0.00000000  0.00000000
TYPE   13   14   42  0.00000000  0.00000000  0.00000000
TYPE   15   14   42  0.00000000  0.00000000  0.00000000
TYPE   13   14   43  0.00000000  0.00000000  0.00000000
TYPE   15   14   43  0.00000000  0.00000000  0.00000000
TYPE   42   14   43  0.00000000  0.00000000  0.00000000
TYPE   14   15   16  0.00000000  0.00000000  0.00000000
TYPE   14   15   44  0.00000000  0.00000000  0.00000000
TYPE   16   15   44  0.00000000  0.00000000  0.00000000
TYPE   14   15   45  0.00000000  0.00000000  0.00000000
TYPE   16   15   45  0.00000000  0.00000000  0.00000000
TYPE   44   15   45  0.00000000  0.00000000  0.00000000
TYPE   15   16   17  0.00000000  0.00000000  0.00000000
TYPE   15   16   46  0.00000000  0.00000000  0.00000000
TYPE   17   16   46  0.00000000  0.00000000  0.00000000
TYPE   15   16   47  0.00000000  0.00000000  0.00000000
TYPE   17   16   47  0.00000000  0.00000000  0.00000000
TYPE   46   16   47  0.00000000  0.00000000  0.00000000
TYPE   16   17   18  0.00000000  0.00000000  0.00000000
TYPE   16   17   48  0.00000000  0.00000000  0.00000000
TYPE   18   17   48  0.00000000  0.00000000  0.00000000
TYPE   16   17   49  0.00000000  0.00000000  0.00000000
TYPE   18   17   49  0.00000000  0.00000000  0.00000000
TYPE   48   17   49  0.00000000  0.00000000  0.00000000
TYPE   17   18   19  0.00000000  0.00000000  0.00000000
TYPE   17   18   22  0.00000000  0.00000000  0.00000000
TYPE   19   18   22  0.00000000  0.00000000  0.00000000
TYPE   18   19   20  0.00000000  0.00000000  0.00000000
TYPE   18   19   50  0.00000000  0.00000000  0.00000000
TYPE   20   19   50  0.00000000  0.00000000  0.00000000
TYPE   19   20   21  0.00000000  0.00000000  0.00000000
TYPE   19   20   59  0.00000000  0.00000000  0.00000000
TYPE   21   20   59  0.00000000  0.00000000  0.00000000
TYPE   20   21   22  0.00000000  0.00000000  0.00000000
TYPE   18   22   21  0.00000000  0.00000000  0.00000000
TYPE   11   22   21  0.00000000  0.00000000  0.00000000
TYPE   11   22   18  0.00000000  0.00000000  0.00000000
TYPE   52   51   73  0.00000000  0.00000000  0.00000000
TYPE   52   51   74  0.00000000  0.00000000  0.00000000
TYPE   73   51   74  0.00000000  0.00000000  0.00000000
TYPE   52   51   75  0.00000000  0.00000000  0.00000000
TYPE   73   51   75  0.00000000  0.00000000  0.00000000
TYPE   74   51   75  0.00000000  0.00000000  0.00000000
TYPE   51   52   53  0.00000000  0.00000000  0.00000000
TYPE   51   52   76  0.00000000  0.00000000  0.00000000
TYPE   53   52   76  0.00000000  0.00000000  0.00000000
TYPE   51   52   77  0.00000000  0.00000000  0.00000000
TYPE   53   52   77  0.00000000  0.00000000  0.00000000
TYPE   76   52   77  0.00000000  0.00000000  0.00000000
TYPE   52   53   54  0.00000000  0.00000000  0.00000000
TYPE   52   53   78  0.00000000  0.00000000  0.00000000
TYPE   54   53   78  0.00000000  0.00000000  0.00000000
TYPE   52   53   79  0.00000000  0.00000000  0.00000000
TYPE   54   53   79  0.00000000  0.00000000  0.00000000
TYPE   78   53   79  0.00000000  0.00000000  0.00000000
TYPE   53   54   55  0.00000000  0.00000000  0.00000000
TYPE   53   54   80  0.00000000  0.00000000  0.00000000
TYPE   55   54   80  0.00000000  0.00000000  0.00000000
TYPE   53   54   81  0.00000000  0.00000000  0.00000000
TYPE   55   54   81  0.00000000  0.00000000  0.00000000
TYPE   80   54   81  0.00000000  0.00000000  0.00000000
TYPE   54   55   56  0.00000000  0.00000000  0.00000000
TYPE   54   55   82  0.00000000  0.00000000  0.00000000
TYPE   56   55   82  0.00000000  0.00000000  0.00000000
TYPE   54   55   83  0.00000000  0.00000000  0.00000000
TYPE   56   55   83  0.00000000  0.00000000  0.00000000
TYPE   82   55   83  0.00000000  0.00000000  0.00000000
TYPE   55   56   57  0.00000000  0.00000000  0.00000000
TYPE   55   56   84  0.00000000  0.00000000  0.00000000
TYPE   57   56   84  0.00000000  0.00000000  0.00000000
TYPE   55   56   85  0.00000000  0.00000000  0.00000000
TYPE   57   56   85  0.00000000  0.00000000  0.00000000
TYPE   84   56   85  0.00000000  0.00000000  0.00000000
TYPE   56   57   58  0.00000000  0.00000000  0.00000000
TYPE   56   57   61  0.00000000  0.00000000  0.00000000
TYPE   58   57   61  0.00000000  0.00000000  0.00000000
TYPE   57   58   59  0.00000000  0.00000000  0.00000000
TYPE   57   58   86  0.00000000  0.00000000  0.00000000
TYPE   59   58   86  0.00000000  0.00000000  0.00000000
TYPE   58   59   60  0.00000000  0.00000000  0.00000000
TYPE   20   59   58  0.00000000  0.00000000  0.00000000
TYPE   20   59   60  0.00000000  0.00000000  0.00000000
TYPE   59   60   61  0.00000000  0.00000000  0.00000000
TYPE   57   61   60  0.00000000  0.00000000  0.00000000
TYPE   60   61   72  0.00000000  0.00000000  0.00000000
TYPE   57   61   72  0.00000000  0.00000000  0.00000000
TYPE   63   62   87  0.00000000  0.00000000  0.00000000
TYPE   63   62   88  0.00000000  0.00000000  0.00000000
TYPE   87   62   88  0.00000000  0.00000000  0.00000000
TYPE   63   62   89  0.00000000  0.00000000  0.00000000
TYPE   87   62   89  0.00000000  0.00000000  0.00000000
TYPE   88   62   89  0.00000000  0.00000000  0.00000000
TYPE   62   63   64  0.00000000  0.00000000  0.00000000
TYPE   62   63   90  0.00000000  0.00000000  0.00000000
TYPE   64   63   90  0.00000000  0.00000000  0.00000000
TYPE   62   63   91  0.00000000  0.00000000  0.00000000
TYPE   64   63   91  0.00000000  0.00000000  0.00000000
TYPE   90   63   91  0.00000000  0.00000000  0.00000000
TYPE   63   64   65  0.00000000  0.00000000  0.00000000
TYPE   63   64   92  0.00000000  0.00000000  0.00000000
TYPE   65   64   92  0.00000000  0.00000000  0.00000000
TYPE   63   64   93  0.00000000  0.00000000  0.00000000
TYPE   65   64   93  0.00000000  0.00000000  0.00000000
TYPE   92   64   93  0.00000000  0.00000000  0.00000000
TYPE   64   65   66  0.00000000  0.00000000  0.00000000
TYPE   64   65   94  0.00000000  0.00000000  0.00000000
TYPE   66   65   94  0.00000000  0.00000000  0.00000000
TYPE   64   65   95  0.00000000  0.00000000  0.00000000
TYPE   66   65   95  0.00000000  0.00000000  0.00000000
TYPE   94   65   95  0.00000000  0.00000000  0.00000000
TYPE   65   66   67  0.00000000  0.00000000  0.00000000
TYPE   65   66   96  0.00000000  0.00000000  0.00000000
TYPE   67   66   96  0.00000000  0.00000000  0.00000000
TYPE   65   66   97  0.00000000  0.00000000  0.00000000
TYPE   67   66   97  0.00000000  0.00000000  0.00000000
TYPE   96   66   97  0.00000000  0.00000000  0.00000000
TYPE   66   67   68  0.00000000  0.00000000  0.00000000
TYPE   66   67   98  0.00000000  0.00000000  0.00000000
TYPE   68   67   98  0.00000000  0.00000000  0.00000000
TYPE   66   67   99  0.00000000  0.00000000  0.00000000
TYPE   68   67   99  0.00000000  0.00000000  0.00000000
TYPE   98   67   99  0.00000000  0.00000000  0.00000000
TYPE   67   68   69  0.00000000  0.00000000  0.00000000
TYPE   67   68   72  0.00000000  0.00000000  0.00000000
TYPE   69   68   72  0.00000000  0.00000000  0.00000000
TYPE   68   69   70  0.00000000  0.00000000  0.00000000
TYPE   68   69  100  0.00000000  0.00000000  0.00000000
TYPE   70   69  100  0.00000000  0.00000000  0.00000000
TYPE   69   70   71  0.00000000  0.00000000  0.00000000
TYPE   70   71   72  0.00000000  0.00000000  0.00000000
TYPE   68   72   71  0.00000000  0.00000000  0.00000000
TYPE   61   72   71  0.00000000  0.00000000  0.00000000
TYPE   61   72   68  0.00000000  0.00000000  0.00000000
DIHEDRALS     274
TYPE   23    1    2    3  0.00000000  0.00000000  0.00000000  0.00000000  0.00000000
TYPE   23    1    2   26  0.00000000  0.00000000  0.00000000  0.00000000  0.00000000
TYPE   23    1    2   27  0.00000000  0.00000000  0.00000000  0.00000000  0.00000000
TYPE   24    1    2    3  0.00000000  0.00000000  0.00000000  0.00000000  0.00000000
TYPE   24    1    2   26  0.00000000  0.00000000  0.00000000  0.00000000  0.00000000
TYPE   24    1    2   27  0.00000000  0.00000000  0.00000000  0.00000000  0.00000000
TYPE   25    1    2    3  0.00000000  0.00000000  0.00000000  0.00000000  0.00000000
TYPE   25    1    2   26  0.00000000  0.00000000  0.00000000  0.00000000  0.00000000
TYPE   25    1    2   27  0.00000000  0.00000000  0.00000000  0.00000000  0.00000000
TYPE    1    2    3    4  0.00000000  0.00000000  0.00000000  0.00000000  0.00000000
TYPE    1    2    3   28  0.00000000  0.00000000  0.00000000  0.00000000  0.00000000
TYPE    1    2    3   29  0.00000000  0.00000000  0.00000000  0.00000000  0.00000000
TYPE   26    2    3    4  0.00000000  0.00000000  0.00000000  0.00000000  0.00000000
TYPE   26    2    3   28  0.00000000  0.00000000  0.00000000  0.00000000  0.00000000
TYPE   26    2    3   29  0.00000000  0.00000000  0.00000000  0.00000000  0.00000000
TYPE   27    2    3    4  0.00000000  0.00000000  0.00000000  0.00000000  0.00000000
TYPE   27    2    3   28  0.00000000  0.00000000  0.00000000  0.00000000  0.00000000
TYPE   27    2    3   29  0.00000000  0.00000000  0.00000000  0.00000000  0.00000000
TYPE    2    3    4    5  0.00000000  0.00000000  0.00000000  0.00000000  0.00000000
TYPE    2    3    4   30  0.00000000  0.00000000  0.00000000  0.00000000  0.00000000
TYPE    2    3    4   31  0.00000000  0.00000000  0.00000000  0.00000000  0.00000000
TYPE   28    3    4    5  0.00000000  0.00000000  0.00000000  0.00000000  0.00000000
TYPE   28    3    4   30  0.00000000  0.00000000  0.00000000  0.00000000  0.00000000
TYPE   28    3    4   31  0.00000000  0.00000000  0.00000000  0.00000000  0.00000000
TYPE   29    3    4    5  0.00000000  0.00000000  0.00000000  0.00000000  0.00000000
TYPE   29    3    4   30  0.00000000  0.00000000  0.00000000  0.00000000  0.00000000
TYPE   29    3    4   31  0.00000000  0.00000000  0.00000000  0.00000000  0.00000000
TYPE    3    4    5    6  0.00000000  0.00000000  0.00000000  0.00000000  0.00000000
TYPE    3    4    5   32  0.00000000  0.00000000  0.00000000  0.00000000  0.00000000
TYPE    3    4    5   33  0.00000000  0.00000000  0.00000000  0.00000000  0.00000000
TYPE   30    4    5    6  0.00000000  0.00000000  0.00000000  0.00000000  0.00000000
TYPE   30    4    5   32  0.00000000  0.00000000  0.00000000  0.00000000  0.00000000
TYPE   30    4    5   33  0.00000000  0.00000000  0.00000000  0.00000000  0.00000000
TYPE   31    4    5    6  0.00000000  0.00000000  0.00000000  0.00000000  0.00000000
TYPE   31    4    5   32  0.00000000  0.00000000  0.00000000  0.00000000  0.00000000
TYPE   31    4    5   33  0.00000000  0.00000000  0.00000000  0.00000000  0.00000000
TYPE    4    5    6    7  0.00000000  0.00000000  0.00000000  0.00000000  0.00000000
TYPE    4    5    6   34  0.00000000  0.00000000  0.00000000  0.00000000  0.00000000
TYPE    4    5    6   35  0.00000000  0.00000000  0.00000000  0.00000000  0.00000000
TYPE   32    5    6    7  0.00000000  0.00000000  0.00000000  0.00000000  0.00000000
TYPE   32    5    6   34  0.00000000  0.00000000  0.00000000  0.00000000  0.00000000
TYPE   32    5    6   35  0.00000000  0.00000000  0.00000000  0.00000000  0.00000000
TYPE   33    5    6    7  0.00000000  0.00000000  0.00000000  0.00000000  0.00000000
TYPE   33    5    6   34  0.00000000  0.00000000  0.00000000  0.00000000  0.00000000
TYPE   33    5    6   35  0.00000000  0.00000000  0.00000000  0.00000000  0.00000000
TYPE    5    6    7    8  0.00000000  0.00000000  0.00000000  0.00000000  0.00000000
TYPE    5    6    7   11  0.00000000  0.00000000  0.00000000  0.00000000  0.00000000
TYPE   34    6    7    8  0.00000000  0.00000000  0.00000000  0.00000000  0.00000000
TYPE   34    6    7   11  0.00000000  0.00000000  0.00000000  0.00000000  0.00000000
TYPE   35    6    7    8  0.00000000  0.00000000  0.00000000  0.00000000  0.00000000
TYPE   35    6    7   11  0.00000000  0.00000000  0.00000000  0.00000000  0.00000000
TYPE    6    7    8    9  0.00000000  0.00000000  0.00000000  0.00000000  0.00000000
TYPE    6    7    8   36  0.00000000  0.00000000  0.00000000  0.00000000  0.00000000
TYPE   11    7    8    9  0.00000000  0.00000000  0.00000000  0.00000000  0.00000000
TYPE   11    7    8   36  0.00000000  0.00000000  0.00000000  0.00000000  0.00000000
TYPE    7    8    9   10  0.00000000  0.00000000  0.00000000  0.00000000  0.00000000
TYPE   36    8    9   10  0.00000000  0.00000000  0.00000000  0.00000000  0.00000000
TYPE    8    9   10   11  0.00000000  0.00000000  0.00000000  0.00000000  0.00000000
TYPE    9   10   11    7  0.00000000  0.00000000  0.00000000  0.00000000  0.00000000
TYPE    9   10   11   22  0.00000000  0.00000000  0.00000000  0.00000000  0.00000000
TYPE   37   12   13   14  0.00000000  0.00000000  0.00000000  0.00000000  0.00000000
TYPE   37   12   13   40  0.00000000  0.00000000  0.00000000  0.00000000  0.00000000
TYPE   37   12   13   41  0.00000000  0.00000000  0.00000000  0.00000000  0.00000000
TYPE   38   12   13   14  0.00000000  0.00000000  0.00000000  0.00000000  0.00000000
TYPE   38   12   13   40  0.00000000  0.00000000  0.00000000  0.00000000  0.00000000
TYPE   38   12   13   41  0.00000000  0.00000000  0.00000000  0.00000000  0.00000000
TYPE   39   12   13   14  0.00000000  0.00000000  0.00000000  0.00000000  0.00000000
TYPE   39   12   13   40  0.00000000  0.00000000  0.00000000  0.00000000  0.00000000
TYPE   39   12   13   41  0.00000000  0.00000000  0.00000000  0.00000000  0.00000000
TYPE   12   13   14   15  0.00000000  0.00000000  0.00000000  0.00000000  0.00000000
TYPE   12   13   14   42  0.00000000  0.00000000  0.00000000  0.00000000  0.00000000
TYPE   12   13   14   43  0.00000000  0.00000000  0.00000000  0.00000000  0.00000000
TYPE   40   13   14   15  0.00000000  0.00000000  0.00000000  0.00000000  0.00000000
TYPE   40   13   14   42  0.00000000  0.00000000  0.00000000  0.00000000  0.00000000
TYPE   40   13   14   43  0.00000000  0.00000000  0.00000000  0.00000000  0.00000000
TYPE   41   13   14   15  0.00000000  0.00000000  0.00000000  0.00000000  0.00000000
TYPE   41   13   14   42  0.00000000  0.00000000  0.00000000  0.00000000  0.00000000
TYPE   41   13   14   43  0.00000000  0.00000000  0.00000000  0.00000000  0.00000000
TYPE   13   14   15   16  0.00000000  0.00000000  0.00000000  0.00000000  0.00000000
TYPE   13   14   15   44  0.00000000  0.00000000  0.00000000  0.00000000  0.00000000
TYPE   13   14   15   45  0.00000000  0.00000000  0.00000000  0.00000000  0.00000000
TYPE   42   14   15   16  0.00000000  0.00000000  0.00000000  0.00000000  0.00000000
TYPE   42   14   15   44  0.00000000  0.00000000  0.00000000  0.00000000  0.00000000
TYPE   42   14   15   45  0.00000000  0.00000000  0.00000000  0.00000000  0.00000000
TYPE   43   14   15   16  0.00000000  0.00000000  0.00000000  0.00000000  0.00000000
TYPE   43   14   15   44  0.00000000  0.00000000  0.00000000  0.00000000  0.00000000
TYPE   43   14   15   45  0.00000000  0.00000000  0.00000000  0.00000000  0.00000000
TYPE   14   15   16   17  0.00000000  0.00000000  0.00000000  0.00000000  0.00000000
TYPE   14   15   16   46  0.00000000  0.00000000  0.00000000  0.00000000  0.00000000
TYPE   14   15   16   47  0.00000000  0.00000000  0.00000000  0.00000000  0.00000000
TYPE   44   15   16   17  0.00000000  0.00000000  0.00000000  0.00000000  0.00000000
TYPE   44   15   16   46  0.00000000  0.00000000  0.00000000  0.00000000  0.00000000
TYPE   44   15   16   47  0.00000000  0.00000000  0.00000000  0.00000000  0.00000000
TYPE   45   15   16   17  0.00000000  0.00000000  0.00000000  0.00000000  0.00000000
TYPE   45   15   16   46  0.00000000  0.00000000  0.00000000  0.00000000  0.00000000
TYPE   45   15   16   47  0.00000000  0.00000000  0.00000000  0.00000000  0.00000000
TYPE   15   16   17   18  0.00000000  0.00000000  0.00000000  0.00000000  0.00000000
TYPE   15   16   17   48  0.00000000  0.00000000  0.00000000  0.00000000  0.00000000
TYPE   15   16   17   49  0.00000000  0.00000000  0.00000000  0.00000000  0.00000000
TYPE   46   16   17   18  0.00000000  0.00000000  0.00000000  0.00000000  0.00000000
TYPE   46   16   17   48  0.00000000  0.00000000  0.00000000  0.00000000  0.00000000
TYPE   46   16   17   49  0.00000000  0.00000000  0.00000000  0.00000000  0.00000000
TYPE   47   16   17   18  0.00000000  0.00000000  0.00000000  0.00000000  0.00000000
TYPE   47   16   17   48  0.00000000  0.00000000  0.00000000  0.00000000  0.00000000
TYPE   47   16   17   49  0.00000000  0.00000000  0.00000000  0.00000000  0.00000000
TYPE   16   17   18   19  0.00000000  0.00000000  0.00000000  0.00000000  0.00000000
TYPE   16   17   18   22  0.00000000  0.00000000  0.00000000  0.00000000  0.00000000
TYPE   48   17   18   19  0.00000000  0.00000000  0.00000000  0.00000000  0.00000000
TYPE   48   17   18   22  0.00000000  0.00000000  0.00000000  0.00000000  0.00000000
TYPE   49   17   18   19  0.00000000  0.00000000  0.00000000  0.00000000  0.00000000
TYPE   49   17   18   22  0.00000000  0.00000000  0.00000000  0.00000000  0.00000000
TYPE   17   18   19   20  0.00000000  0.00000000  0.00000000  0.00000000  0.00000000
TYPE   17   18   19   50  0.00000000  0.00000000  0.00000000  0.00000000  0.00000000
TYPE   22   18   19   20  0.00000000  0.00000000  0.00000000  0.00000000  0.00000000
TYPE   22   18   19   50  0.00000000  0.00000000  0.00000000  0.00000000  0.00000000
TYPE   18   19   20   21  0.00000000  0.00000000  0.00000000  0.00000000  0.00000000
TYPE   18   19   20   59  0.00000000  0.00000000  0.00000000  0.00000000  0.00000000
TYPE   50   19   20   21  0.00000000  0.00000000  0.00000000  0.00000000  0.00000000
TYPE   50   19   20   59  0.00000000  0.00000000  0.00000000  0.00000000  0.00000000
TYPE   19   20   21   22  0.00000000  0.00000000  0.00000000  0.00000000  0.00000000
TYPE   59   20   21   22  0.00000000  0.00000000  0.00000000  0.00000000  0.00000000
TYPE   20   21   22   18  0.00000000  0.00000000  0.00000000  0.00000000  0.00000000
TYPE   20   21   22   11  0.00000000  0.00000000  0.00000000  0.00000000  0.00000000
TYPE   73   51   52   53  0.00000000  0.00000000  0.00000000  0.00000000  0.00000000
TYPE   73   51   52   76  0.00000000  0.00000000  0.00000000  0.00000000  0.00000000
TYPE   73   51   52   77  0.00000000  0.00000000  0.00000000  0.00000000  0.00000000
TYPE   74   51   52   53  0.00000000  0.00000000  0.00000000  0.00000000  0.00000000
TYPE   74   51   52   76  0.00000000  0.00000000  0.00000000  0.00000000  0.00000000
TYPE   74   51   52   77  0.00000000  0.00000000  0.00000000  0.00000000  0.00000000
TYPE   75   51   52   53  0.00000000  0.00000000  0.00000000  0.00000000  0.00000000
TYPE   75   51   52   76  0.00000000  0.00000000  0.00000000  0.00000000  0.00000000
TYPE   75   51   52   77  0.00000000  0.00000000  0.00000000  0.00000000  0.00000000
TYPE   51   52   53   54  0.00000000  0.00000000  0.00000000  0.00000000  0.00000000
TYPE   51   52   53   78  0.00000000  0.00000000  0.00000000  0.00000000  0.00000000
TYPE   51   52   53   79  0.00000000  0.00000000  0.00000000  0.00000000  0.00000000
TYPE   76   52   53   54  0.00000000  0.00000000  0.00000000  0.00000000  0.00000000
TYPE   76   52   53   78  0.00000000  0.00000000  0.00000000  0.00000000  0.00000000
TYPE   76   52   53   79  0.00000000  0.00000000  0.00000000  0.00000000  0.00000000
TYPE   77   52   53   54  0.00000000  0.00000000  0.00000000  0.00000000  0.00000000
TYPE   77   52   53   78  0.00000000  0.00000000  0.00000000  0.00000000  0.00000000
TYPE   77   52   53   79  0.00000000  0.00000000  0.00000000  0.00000000  0.00000000
TYPE   52   53   54   55  0.00000000  0.00000000  0.00000000  0.00000000  0.00000000
TYPE   52   53   54   80  0.00000000  0.00000000  0.00000000  0.00000000  0.00000000
TYPE   52   53   54   81  0.00000000  0.00000000  0.00000000  0.00000000  0.00000000
TYPE   78   53   54   55  0.00000000  0.00000000  0.00000000  0.00000000  0.00000000
TYPE   78   53   54   80  0.00000000  0.00000000  0.00000000  0.00000000  0.00000000
TYPE   78   53   54   81  0.00000000  0.00000000  0.00000000  0.00000000  0.00000000
TYPE   79   53   54   55  0.00000000  0.00000000  0.00000000  0.00000000  0.00000000
TYPE   79   53   54   80  0.00000000  0.00000000  0.00000000  0.00000000  0.00000000
TYPE   79   53   54   81  0.00000000  0.00000000  0.00000000  0.00000000  0.00000000
TYPE   53   54   55   56  0.00000000  0.00000000  0.00000000  0.00000000  0.00000000
TYPE   53   54   55   82  0.00000000  0.00000000  0.00000000  0.00000000  0.00000000
TYPE   53   54   55   83  0.00000000  0.00000000  0.00000000  0.00000000  0.00000000
TYPE   80   54   55   56  0.00000000  0.00000000  0.00000000  0.00000000  0.00000000
TYPE   80   54   55   82  0.00000000  0.00000000  0.00000000  0.00000000  0.00000000
TYPE   80   54   55   83  0.00000000  0.00000000  0.00000000  0.00000000  0.00000000
TYPE   81   54   55   56  0.00000000  0.00000000  0.00000000  0.00000000  0.00000000
TYPE   81   54   55   82  0.00000000  0.00000000  0.00000000  0.00000000  0.00000000
TYPE   81   54   55   83  0.00000000  0.00000000  0.00000000  0.00000000  0.00000000
TYPE   54   55   56   57  0.00000000  0.00000000  0.00000000  0.00000000  0.00000000
TYPE   54   55   56   84  0.00000000  0.00000000  0.00000000  0.00000000  0.00000000
TYPE   54   55   56   85  0.00000000  0.00000000  0.00000000  0.00000000  0.00000000
TYPE   82   55   56   57  0.00000000  0.00000000  0.00000000  0.00000000  0.00000000
TYPE   82   55   56   84  0.00000000  0.00000000  0.00000000  0.00000000  0.00000000
TYPE   82   55   56   85  0.00000000  0.00000000  0.00000000  0.00000000  0.00000000
TYPE   83   55   56   57  0.00000000  0.00000000  0.00000000  0.00000000  0.00000000
TYPE   83   55   56   84  0.00000000  0.00000000  0.00000000  0.00000000  0.00000000
TYPE   83   55   56   85  0.00000000  0.00000000  0.00000000  0.00000000  0.00000000
TYPE   55   56   57   58  0.00000000  0.00000000  0.00000000  0.00000000  0.00000000
TYPE   55   56   57   61  0.00000000  0.00000000  0.00000000  0.00000000  0.00000000
TYPE   84   56   57   58  0.00000000  0.00000000  0.00000000  0.00000000  0.00000000
TYPE   84   56   57   61  0.00000000  0.00000000  0.00000000  0.00000000  0.00000000
TYPE   85   56   57   58  0.00000000  0.00000000  0.00000000  0.00000000  0.00000000
TYPE   85   56   57   61  0.00000000  0.00000000  0.00000000  0.00000000  0.00000000
TYPE   56   57   58   59  0.00000000  0.00000000  0.00000000  0.00000000  0.00000000
TYPE   56   57   58   86  0.00000000  0.00000000  0.00000000  0.00000000  0.00000000
TYPE   61   57   58   59  0.00000000  0.00000000  0.00000000  0.00000000  0.00000000
TYPE   61   57   58   86  0.00000000  0.00000000  0.00000000  0.00000000  0.00000000
TYPE   57   58   59   60  0.00000000  0.00000000  0.00000000  0.00000000  0.00000000
TYPE   57   58   59   20  0.00000000  0.00000000  0.00000000  0.00000000  0.00000000
TYPE   86   58   59   60  0.00000000  0.00000000  0.00000000  0.00000000  0.00000000
TYPE   86   58   59   20  0.00000000  0.00000000  0.00000000  0.00000000  0.00000000
TYPE   58   59   60   61  0.00000000  0.00000000  0.00000000  0.00000000  0.00000000
TYPE   20   59   60   61  0.00000000  0.00000000  0.00000000  0.00000000  0.00000000
TYPE   59   60   61   57  0.00000000  0.00000000  0.00000000  0.00000000  0.00000000
TYPE   59   60   61   72  0.00000000  0.00000000  0.00000000  0.00000000  0.00000000
TYPE   87   62   63   64  0.00000000  0.00000000  0.00000000  0.00000000  0.00000000
TYPE   87   62   63   90  0.00000000  0.00000000  0.00000000  0.00000000  0.00000000
TYPE   87   62   63   91  0.00000000  0.00000000  0.00000000  0.00000000  0.00000000
TYPE   88   62   63   64  0.00000000  0.00000000  0.00000000  0.00000000  0.00000000
TYPE   88   62   63   90  0.00000000  0.00000000  0.00000000  0.00000000  0.00000000
TYPE   88   62   63   91  0.00000000  0.00000000  0.00000000  0.00000000  0.00000000
TYPE   89   62   63   64  0.00000000  0.00000000  0.00000000  0.00000000  0.00000000
TYPE   89   62   63   90  0.00000000  0.00000000  0.00000000  0.00000000  0.00000000
TYPE   89   62   63   91  0.00000000  0.00000000  0.00000000  0.00000000  0.00000000
TYPE   62   63   64   65  0.00000000  0.00000000  0.00000000  0.00000000  0.00000000
TYPE   62   63   64   92  0.00000000  0.00000000  0.00000000  0.00000000  0.00000000
TYPE   62   63   64   93  0.00000000  0.00000000  0.00000000  0.00000000  0.00000000
TYPE   90   63   64   65  0.00000000  0.00000000  0.00000000  0.00000000  0.00000000
TYPE   90   63   64   92  0.00000000  0.00000000  0.00000000  0.00000000  0.00000000
TYPE   90   63   64   93  0.00000000  0.00000000  0.00000000  0.00000000  0.00000000
TYPE   91   63   64   65  0.00000000  0.00000000  0.00000000  0.00000000  0.00000000
TYPE   91   63   64   92  0.00000000  0.00000000  0.00000000  0.00000000  0.00000000
TYPE   91   63   64   93  0.00000000  0.00000000  0.00000000  0.00000000  0.00000000
TYPE   63   64   65   66  0.00000000  0.00000000  0.00000000  0.00000000  0.00000000
TYPE   63   64   65   94  0.00000000  0.00000000  0.00000000  0.00000000  0.00000000
TYPE   63   64   65   95  0.00000000  0.00000000  0.00000000  0.00000000  0.00000000
TYPE   92   64   65   66  0.00000000  0.00000000  0.00000000  0.00000000  0.00000000
TYPE   92   64   65   94  0.00000000  0.00000000  0.00000000  0.00000000  0.00000000
TYPE   92   64   65   95  0.00000000  0.00000000  0.00000000  0.00000000  0.00000000
TYPE   93   64   65   66  0.00000000  0.00000000  0.00000000  0.00000000  0.00000000
TYPE   93   64   65   94  0.00000000  0.00000000  0.00000000  0.00000000  0.00000000
TYPE   93   64   65   95  0.00000000  0.00000000  0.00000000  0.00000000  0.00000000
TYPE   64   65   66   67  0.00000000  0.00000000  0.00000000  0.00000000  0.00000000
TYPE   64   65   66   96  0.00000000  0.00000000  0.00000000  0.00000000  0.00000000
TYPE   64   65   66   97  0.00000000  0.00000000  0.00000000  0.00000000  0.00000000
TYPE   94   65   66   67  0.00000000  0.00000000  0.00000000  0.00000000  0.00000000
TYPE   94   65   66   96  0.00000000  0.00000000  0.00000000  0.00000000  0.00000000
TYPE   94   65   66   97  0.00000000  0.00000000  0.00000000  0.00000000  0.00000000
TYPE   95   65   66   67  0.00000000  0.00000000  0.00000000  0.00000000  0.00000000
TYPE   95   65   66   96  0.00000000  0.00000000  0.00000000  0.00000000  0.00000000
TYPE   95   65   66   97  0.00000000  0.00000000  0.00000000  0.00000000  0.00000000
TYPE   65   66   67   68  0.00000000  0.00000000  0.00000000  0.00000000  0.00000000
TYPE   65   66   67   98  0.00000000  0.00000000  0.00000000  0.00000000  0.00000000
TYPE   65   66   67   99  0.00000000  0.00000000  0.00000000  0.00000000  0.00000000
TYPE   96   66   67   68  0.00000000  0.00000000  0.00000000  0.00000000  0.00000000
TYPE   96   66   67   98  0.00000000  0.00000000  0.00000000  0.00000000  0.00000000
TYPE   96   66   67   99  0.00000000  0.00000000  0.00000000  0.00000000  0.00000000
TYPE   97   66   67   68  0.00000000  0.00000000  0.00000000  0.00000000  0.00000000
TYPE   97   66   67   98  0.00000000  0.00000000  0.00000000  0.00000000  0.00000000
TYPE   97   66   67   99  0.00000000  0.00000000  0.00000000  0.00000000  0.00000000
TYPE   66   67   68   69  0.00000000  0.00000000  0.00000000  0.00000000  0.00000000
TYPE   66   67   68   72  0.00000000  0.00000000  0.00000000  0.00000000  0.00000000
TYPE   98   67   68   69  0.00000000  0.00000000  0.00000000  0.00000000  0.00000000
TYPE   98   67   68   72  0.00000000  0.00000000  0.00000000  0.00000000  0.00000000
TYPE   99   67   68   69  0.00000000  0.00000000  0.00000000  0.00000000  0.00000000
TYPE   99   67   68   72  0.00000000  0.00000000  0.00000000  0.00000000  0.00000000
TYPE   67   68   69   70  0.00000000  0.00000000  0.00000000  0.00000000  0.00000000
TYPE   67   68   69  100  0.00000000  0.00000000  0.00000000  0.00000000  0.00000000
TYPE   72   68   69   70  0.00000000  0.00000000  0.00000000  0.00000000  0.00000000
TYPE   72   68   69  100  0.00000000  0.00000000  0.00000000  0.00000000  0.00000000
TYPE   68   69   70   71  0.00000000  0.00000000  0.00000000  0.00000000  0.00000000
TYPE  100   69   70   71  0.00000000  0.00000000  0.00000000  0.00000000  0.00000000
TYPE   69   70   71   72  0.00000000  0.00000000  0.00000000  0.00000000  0.00000000
TYPE   70   71   72   68  0.00000000  0.00000000  0.00000000  0.00000000  0.00000000
TYPE   70   71   72   61  0.00000000  0.00000000  0.00000000  0.00000000  0.00000000
TYPE    6    7   11   10  0.00000000  0.00000000  0.00000000  0.00000000  0.00000000
TYPE    6    7   11   22  0.00000000  0.00000000  0.00000000  0.00000000  0.00000000
TYPE    8    7   11   10  0.00000000  0.00000000  0.00000000  0.00000000  0.00000000
TYPE    8    7   11   22  0.00000000  0.00000000  0.00000000  0.00000000  0.00000000
TYPE   17   18   22   21  0.00000000  0.00000000  0.00000000  0.00000000  0.00000000
TYPE   17   18   22   11  0.00000000  0.00000000  0.00000000  0.00000000  0.00000000
TYPE   19   18   22   21  0.00000000  0.00000000  0.00000000  0.00000000  0.00000000
TYPE   19   18   22   11  0.00000000  0.00000000  0.00000000  0.00000000  0.00000000
TYPE   56   57   61   60  0.00000000  0.00000000  0.00000000  0.00000000  0.00000000
TYPE   56   57   61   72  0.00000000  0.00000000  0.00000000  0.00000000  0.00000000
TYPE   58   57   61   60  0.00000000  0.00000000  0.00000000  0.00000000  0.00000000
TYPE   58   57   61   72  0.00000000  0.00000000  0.00000000  0.00000000  0.00000000
TYPE   67   68   72   71  0.00000000  0.00000000  0.00000000  0.00000000  0.00000000
TYPE   67   68   72   61  0.00000000  0.00000000  0.00000000  0.00000000  0.00000000
TYPE   69   68   72   71  0.00000000  0.00000000  0.00000000  0.00000000  0.00000000
TYPE   69   68   72   61  0.00000000  0.00000000  0.00000000  0.00000000  0.00000000
TYPE   10   11   22   21  0.00000000  0.00000000  0.00000000  0.00000000  0.00000000
TYPE   10   11   22   18  0.00000000  0.00000000  0.00000000  0.00000000  0.00000000
TYPE    7   11   22   21  0.00000000  0.00000000  0.00000000  0.00000000  0.00000000
TYPE    7   11   22   18  0.00000000  0.00000000  0.00000000  0.00000000  0.00000000
TYPE   60   61   72   71  0.00000000  0.00000000  0.00000000  0.00000000  0.00000000
TYPE   60   61   72   68  0.00000000  0.00000000  0.00000000  0.00000000  0.00000000
TYPE   57   61   72   71  0.00000000  0.00000000  0.00000000  0.00000000  0.00000000
TYPE   57   61   72   68  0.00000000  0.00000000  0.00000000  0.00000000  0.00000000
TYPE   19   20   59   58  0.00000000  0.00000000  0.00000000  0.00000000  0.00000000
TYPE   19   20   59   60  0.00000000  0.00000000  0.00000000  0.00000000  0.00000000
TYPE   21   20   59   58  0.00000000  0.00000000  0.00000000  0.00000000  0.00000000
TYPE   21   20   59   60  0.00000000  0.00000000  0.00000000  0.00000000  0.00000000
INVERSIONS     110
TYPE    1    2   23   24  0.00000000  0.00000000
TYPE    1    2   23   25  0.00000000  0.00000000
TYPE    1    2   24   25  0.00000000  0.00000000
TYPE    1   23   24   25  0.00000000  0.00000000
TYPE    2    1    3   26  0.00000000  0.00000000
TYPE    2    1    3   27  0.00000000  0.00000000
TYPE    2    1   26   27  0.00000000  0.00000000
TYPE    2    3   26   27  0.00000000  0.00000000
TYPE    3    2    4   28  0.00000000  0.00000000
TYPE    3    2    4   29  0.00000000  0.00000000
TYPE    3    2   28   29  0.00000000  0.00000000
TYPE    3    4   28   29  0.00000000  0.00000000
TYPE    4    3    5   30  0.00000000  0.00000000
TYPE    4    3    5   31  0.00000000  0.00000000
TYPE    4    3   30   31  0.00000000  0.00000000
TYPE    4    5   30   31  0.00000000  0.00000000
TYPE    5    4    6   32  0.00000000  0.00000000
TYPE    5    4    6   33  0.00000000  0.00000000
TYPE    5    4   32   33  0.00000000  0.00000000
TYPE    5    6   32   33  0.00000000  0.00000000
TYPE    6    5    7   34  0.00000000  0.00000000
TYPE    6    5    7   35  0.00000000  0.00000000
TYPE    6    5   34   35  0.00000000  0.00000000
TYPE    6    7   34   35  0.00000000  0.00000000
TYPE    7    6    8   11  0.00000000  0.00000000
TYPE    8    7    9   36  0.00000000  0.00000000
TYPE   11   10    7   22  0.00000000  0.00000000
TYPE   12   13   37   38  0.00000000  0.00000000
TYPE   12   13   37   39  0.00000000  0.00000000
TYPE   12   13   38   39  0.00000000  0.00000000
TYPE   12   37   38   39  0.00000000  0.00000000
TYPE   13   12   14   40  0.00000000  0.00000000
TYPE   13   12   14   41  0.00000000  0.00000000
TYPE   13   12   40   41  0.00000000  0.00000000
TYPE   13   14   40   41  0.00000000  0.00000000
TYPE   14   13   15   42  0.00000000  0.00000000
TYPE   14   13   15   43  0.00000000  0.00000000
TYPE   14   13   42   43  0.00000000  0.00000000
TYPE   14   15   42   43  0.00000000  0.00000000
TYPE   15   14   16   44  0.00000000  0.00000000
TYPE   15   14   16   45  0.00000000  0.00000000
TYPE   15   14   44   45  0.00000000  0.00000000
TYPE   15   16   44   45  0.00000000  0.00000000
TYPE   16   15   17   46  0.00000000  0.00000000
TYPE   16   15   17   47  0.00000000  0.00000000
TYPE   16   15   46   47  0.00000000  0.00000000
TYPE   16   17   46   47  0.00000000  0.00000000
TYPE   17   16   18   48  0.00000000  0.00000000
TYPE   17   16   18   49  0.00000000  0.00000000
TYPE   17   16   48   49  0.00000000  0.00000000
TYPE   17   18   48   49  0.00000000  0.00000000
TYPE   18   17   19   22  0.00000000  0.00000000
TYPE   19   18   20   50  0.00000000  0.00000000
TYPE   20   19   21   59  0.00000000  0.00000000
TYPE   22   21   18   11  0.00000000  0.00000000
TYPE   51   52   73   74  0.00000000  0.00000000
TYPE   51   52   73   75  0.00000000  0.00000000
TYPE   51   52   74   75  0.00000000  0.00000000
TYPE   51   73   74   75  0.00000000  0.00000000
TYPE   52   51   53   76  0.00000000  0.00000000
TYPE   52   51   53   77  0.00000000  0.00000000
TYPE   52   51   76   77  0.00000000  0.00000000
TYPE   52   53   76   77  0.00000000  0.00000000
TYPE   53   52   54   78  0.00000000  0.00000000
TYPE   53   52   54   79  0.00000000  0.00000000
TYPE   53   52   78   79  0.00000000  0.00000000
TYPE   53   54   78   79  0.00000000  0.00000000
TYPE   54   53   55   80  0.00000000  0.00000000
TYPE   54   53   55   81  0.00000000  0.00000000
TYPE   54   53   80   81  0.00000000  0.00000000
TYPE   54   55   80   81  0.00000000  0.00000000
TYPE   55   54   56   82  0.00000000  0.00000000
TYPE   55   54   56   83  0.00000000  0.00000000
TYPE   55   54   82   83  0.00000000  0.00000000
TYPE   55   56   82   83  0.00000000  0.00000000
TYPE   56   55   57   84  0.00000000  0.00000000
TYPE   56   55   57   85  0.00000000  0.00000000
TYPE   56   55   84   85  0.00000000  0.00000000
TYPE   56   57   84   85  0.00000000  0.00000000
TYPE   57   56   58   61  0.00000000  0.00000000
TYPE   58   57   59   86  0.00000000  0.00000000
TYPE   59   58   60   20  0.00000000  0.00000000
TYPE   61   60   57   72  0.00000000  0.00000000
TYPE   62   63   87   88  0.00000000  0.00000000
TYPE   62   63   87   89  0.00000000  0.00000000
TYPE   62   63   88   89  0.00000000  0.00000000
TYPE   62   87   88   89  0.00000000  0.00000000
TYPE   63   62   64   90  0.00000000  0.00000000
TYPE   63   62   64   91  0.00000000  0.00000000
TYPE   63   62   90   91  0.00000000  0.00000000
TYPE   63   64   90   91  0.00000000  0.00000000
TYPE   64   63   65   92  0.00000000  0.00000000
TYPE   64   63   65   93  0.00000000  0.00000000
TYPE   64   63   92   93  0.00000000  0.00000000
TYPE   64   65   92   93  0.00000000  0.00000000
TYPE   65   64   66   94  0.00000000  0.00000000
TYPE   65   64   66   95  0.00000000  0.00000000
TYPE   65   64   94   95  0.00000000  0.00000000
TYPE   65   66   94   95  0.00000000  0.00000000
TYPE   66   65   67   96  0.00000000  0.00000000
TYPE   66   65   67   97  0.00000000  0.00000000
TYPE   66   65   96   97  0.00000000  0.00000000
TYPE   66   67   96   97  0.00000000  0.00000000
TYPE   67   66   68   98  0.00000000  0.00000000
TYPE   67   66   68   99  0.00000000  0.00000000
TYPE   67   66   98   99  0.00000000  0.00000000
TYPE   67   68   98   99  0.00000000  0.00000000
TYPE   68   67   69   72  0.00000000  0.00000000
TYPE   69   68   70  100  0.00000000  0.00000000
TYPE   72   71   68   61  0.00000000  0.00000000
FINISH
VDW      10
C_3     C_3     TYPE  0.00000000  1.00000000  0.00000000
C_3     C_2     TYPE  0.00000000  1.00000000  0.00000000
C_3     S_2     TYPE  0.00000000  1.00000000  0.00000000
C_3     H_      TYPE  0.00000000  1.00000000  0.00000000
C_2     C_2     TYPE  0.00000000  1.00000000  0.00000000
C_2     S_2     TYPE  0.00000000  1.00000000  0.00000000
C_2     H_      TYPE  0.00000000  1.00000000  0.00000000
S_2     S_2     TYPE  0.00000000  1.00000000  0.00000000
S_2     H_      TYPE  0.00000000  1.00000000  0.00000000
H_      H_      TYPE  0.00000000  1.00000000  0.00000000
TBP      40
C_3     C_3     C_3     TYPE  0.00000000  0.00000000  0.00000000  0.00000000  0.00000000
C_3     C_3     C_2     TYPE  0.00000000  0.00000000  0.00000000  0.00000000  0.00000000
C_3     C_3     S_2     TYPE  0.00000000  0.00000000  0.00000000  0.00000000  0.00000000
C_3     C_3     H_      TYPE  0.00000000  0.00000000  0.00000000  0.00000000  0.00000000
C_2     C_3     C_2     TYPE  0.00000000  0.00000000  0.00000000  0.00000000  0.00000000
C_2     C_3     S_2     TYPE  0.00000000  0.00000000  0.00000000  0.00000000  0.00000000
C_2     C_3     H_      TYPE  0.00000000  0.00000000  0.00000000  0.00000000  0.00000000
S_2     C_3     S_2     TYPE  0.00000000  0.00000000  0.00000000  0.00000000  0.00000000
S_2     C_3     H_      TYPE  0.00000000  0.00000000  0.00000000  0.00000000  0.00000000
H_      C_3     H_      TYPE  0.00000000  0.00000000  0.00000000  0.00000000  0.00000000
C_3     C_2     C_3     TYPE  0.00000000  0.00000000  0.00000000  0.00000000  0.00000000
C_3     C_2     C_2     TYPE  0.00000000  0.00000000  0.00000000  0.00000000  0.00000000
C_3     C_2     S_2     TYPE  0.00000000  0.00000000  0.00000000  0.00000000  0.00000000
C_3     C_2     H_      TYPE  0.00000000  0.00000000  0.00000000  0.00000000  0.00000000
C_2     C_2     C_2     TYPE  0.00000000  0.00000000  0.00000000  0.00000000  0.00000000
C_2     C_2     S_2     TYPE  0.00000000  0.00000000  0.00000000  0.00000000  0.00000000
C_2     C_2     H_      TYPE  0.00000000  0.00000000  0.00000000  0.00000000  0.00000000
S_2     C_2     S_2     TYPE  0.00000000  0.00000000  0.00000000  0.00000000  0.00000000
S_2     C_2     H_      TYPE  0.00000000  0.00000000  0.00000000  0.00000000  0.00000000
H_      C_2     H_      TYPE  0.00000000  0.00000000  0.00000000  0.00000000  0.00000000
C_3     S_2     C_3     TYPE  0.00000000  0.00000000  0.00000000  0.00000000  0.00000000
C_3     S_2     C_2     TYPE  0.00000000  0.00000000  0.00000000  0.00000000  0.00000000
C_3     S_2     S_2     TYPE  0.00000000  0.00000000  0.00000000  0.00000000  0.00000000
C_3     S_2     H_      TYPE  0.00000000  0.00000000  0.00000000  0.00000000  0.00000000
C_2     S_2     C_2     TYPE  0.00000000  0.00000000  0.00000000  0.00000000  0.00000000
C_2     S_2     S_2     TYPE  0.00000000  0.00000000  0.00000000  0.00000000  0.00000000
C_2     S_2     H_      TYPE  0.00000000  0.00000000  0.00000000  0.00000000  0.00000000
S_2     S_2     S_2     TYPE  0.00000000  0.00000000  0.00000000  0.00000000  0.00000000
S_2     S_2     H_      TYPE  0.00000000  0.00000000  0.00000000  0.00000000  0.00000000
H_      S_2     H_      TYPE  0.00000000  0.00000000  0.00000000  0.00000000  0.00000000
C_3     H_      C_3     TYPE  0.00000000  0.00000000  0.00000000  0.00000000  0.00000000
C_3     H_      C_2     TYPE  0.00000000  0.00000000  0.00000000  0.00000000  0.00000000
C_3     H_      S_2     TYPE  0.00000000  0.00000000  0.00000000  0.00000000  0.00000000
C_3     H_      H_      TYPE  0.00000000  0.00000000  0.00000000  0.00000000  0.00000000
C_2     H_      C_2     TYPE  0.00000000  0.00000000  0.00000000  0.00000000  0.00000000
C_2     H_      S_2     TYPE  0.00000000  0.00000000  0.00000000  0.00000000  0.00000000
C_2     H_      H_      TYPE  0.00000000  0.00000000  0.00000000  0.00000000  0.00000000
S_2     H_      S_2     TYPE  0.00000000  0.00000000  0.00000000  0.00000000  0.00000000
S_2     H_      H_      TYPE  0.00000000  0.00000000  0.00000000  0.00000000  0.00000000
H_      H_      H_      TYPE  0.00000000  0.00000000  0.00000000  0.00000000  0.00000000
CLOSE
